price,amount,amount_0,amount_1,amount_1_adj
4060.1987375186513,34609.3529220154,0.0,11.509548838986445,34609.3529220154
4056.1407709974847,34626.661059762526,0.0,11.515304764477493,34626.661059762526
4052.0868602118508,59320.71867206855,0.0,19.727462407586366,59320.71867206855
4048.0370011082427,59350.38499014928,0.0,19.73732812040661,59350.38499014928
4043.9911896372073,68472.54968695706,0.0,22.770958952273464,68472.54968695706
4039.949421753336,68506.79280974358,0.0,22.782346709074318,68506.79280974358
4035.9116934152644,68517.66463498371,0.0,22.785962200061746,68517.66463498371
4031.8780005856693,68551.93044969192,0.0,22.79735750319788,68551.93044969192
4027.848339231259,68586.21330208851,0.0,22.808758472319937,68586.21330208851
4023.822705322777,97159.49095158327,0.0,32.31097411147986,97159.49095158327
4019.801094834989,97474.67652805906,0.0,32.415790973961116,97474.67652805906
4015.783503746687,98690.37104671767,0.0,32.8200775108206,98690.37104671767
4011.7699280406828,117761.26533399738,0.0,39.162218310077456,117761.26533399738
4007.7603637038,118069.2187516784,0.0,39.26463007457705,118069.2187516784
4003.754806726876,118201.77265287103,0.0,39.308711673069006,118201.77265287103
3999.7532531047536,152517.5810572602,0.0,50.720640514084124,152517.5810572602
3995.7556988362785,152593.8551010633,0.0,50.746005906909495,152593.8551010633
3991.7621399242967,152670.16728953275,0.0,50.77138398497349,152670.16728953275
3987.772572375648,152746.51764172874,0.0,50.79677475461468,152746.51764172874
3983.7869922011623,152724.5186412674,0.0,50.78945885446511,152724.5186412674
3979.805395415659,194032.01280493228,0.0,64.52651492032474,194032.01280493228
3975.827778037938,194129.06180622856,0.0,64.55878915043564,194129.06180622856
3971.854136090781,194229.89606743978,0.0,64.59232219153782,194229.89606743978
3967.884465600942,194341.91578909065,0.0,64.6295750249027,194341.91578909065
3963.918762599146,185255.24622705966,0.0,61.60774831396756,185255.24622705966
3959.9570231200883,185348.97687374317,0.0,61.63891900525857,185348.97687374317
3955.999243202423,185488.76024967962,0.0,61.68540480913488,185488.76024967962
3952.045418888768,197160.67154397545,0.0,65.56696923447151,197160.67154397545
3948.0955462256925,198094.0126813169,0.0,65.87735745316697,198094.0126813169
3944.149621263719,198193.0794990157,0.0,65.91030272028007,198193.0794990157
3940.207640057316,198291.41568734145,0.0,65.94300501219304,198291.41568734145
3936.2695986648973,198390.58122626852,0.0,65.97598310964541,198390.58122626852
3932.3354931488143,198489.79403794362,0.0,66.00897692793495,198489.79403794362
3928.405319575354,198657.3225911396,0.0,66.06468955767636,198657.3225911396
3924.4790740147373,198766.68447526853,0.0,66.1010585111596,198766.68447526853
3920.556752541109,201878.76368102583,0.0,67.13599920161882,201878.76368102583
3916.6383512325397,202008.82491351946,0.0,67.17925184811635,202008.82491351946
3912.7238661710203,202102.00130820167,0.0,67.2102382195649,202102.00130820167
3908.8132934424557,202203.0666851996,0.0,67.24384811961444,202203.0666851996
3904.906629136666,202304.18844081523,0.0,67.27747676871299,202304.18844081523
3901.0038693473757,203787.24080541832,0.0,67.77067476809874,203787.24080541832
3897.105010172215,203984.44183538316,0.0,67.83625515876923,203984.44183538316
3893.2100477127137,204144.14127527626,0.0,67.88936416971059,204144.14127527626
3889.3189780743005,204327.7528171767,0.0,67.95042529424725,204327.7528171767
3885.4317973662914,204938.76600719788,0.0,68.15362141200363,204938.76600719788
3881.5485017018973,205042.11031639585,0.0,68.18798918468708,205042.11031639585
3877.669087198208,205150.7842708274,0.0,68.22412936300461,205150.7842708274
3873.793549976199,205253.38650950755,0.0,68.25825035566632,205253.38650950755
3869.9218861607173,205356.0337301538,0.0,68.29238630735188,205356.0337301538
3866.0540918804886,205458.7563766319,0.0,68.32654734235226,205458.7563766319
3862.1901632681033,205561.60083116594,0.0,68.36074888535555,205561.60083116594
3858.33009646002,424847.2280244285,0.0,141.28550542604088,424847.2280244285
3854.473887596557,425059.69412734336,0.0,141.35616230869448,425059.69412734336
3850.6215328218905,425347.6065684712,0.0,141.45190932569244,425347.6065684712
3846.7730282840503,425560.32291064825,0.0,141.5226494269204,425560.32291064825
3842.928370134917,425773.1456324587,0.0,141.59342490533638,425773.1456324587
3839.087554530216,206515.99512374806,0.0,68.67813845767363,206515.99512374806
3835.250577629517,206619.27377500766,0.0,68.71248439541408,206619.27377500766
3831.417435596224,206722.60407585162,0.0,68.74684750953502,206722.60407585162
3827.58812459758,206826.0113865216,0.0,68.78123623373757,206826.0113865216
3823.762640804656,206953.49544612644,0.0,68.82363182586322,206953.49544612644
3819.940980392349,207056.9918101326,0.0,68.85805016528928,207056.9918101326
3816.123139539383,207088.94062142525,0.0,68.8686749349794,207088.94062142525
3812.309114428296,207254.92264451098,0.0,68.92387325681464,207254.92264451098
3808.498901245446,207358.57083337675,0.0,68.95834208651253,207358.57083337675
3804.6924961809987,207462.2708566884,0.0,68.99282815406771,207462.2708566884
3800.8898954289307,271598.6348008992,0.0,90.32176241164345,271598.6348008992
3797.091095187021,273407.94405360083,0.0,90.92345910489637,273407.94405360083
3793.296091656848,273544.675369234,0.0,90.96892992772985,273544.675369234
3789.5048810437884,273681.5979569388,0.0,91.01446435924319,273681.5979569388
3785.7174595570086,273917.89256472164,0.0,91.09304555475974,273917.89256472164
3781.9338234094675,274068.0141565021,0.0,91.14296939460375,274068.0141565021
3778.153968817907,274205.07557307,0.0,91.18854999449196,274205.07557307
3774.3778920028476,274510.6136068678,0.0,91.29015850852826,274510.6136068678
3770.605589188593,274548.270887662,0.0,91.30268166414523,274548.270887662
3766.837056603215,274685.57248074946,0.0,91.34834213618211,274685.57248074946
3763.072290478558,274822.9427382516,0.0,91.39402544298383,274822.9427382516
3759.3112870502337,274974.5629443688,0.0,91.44444765605483,274974.5629443688
3755.554042557612,275231.2933880187,0.0,91.52982491191688,275231.2933880187
3751.800553243824,275254.7395891305,0.0,91.5376220873623,275254.7395891305
3748.0508153557575,275392.3944871441,0.0,91.58340005308106,275392.3944871441
3744.3048251440473,275530.1182263569,0.0,91.62920091235543,275530.1182263569
3740.5625788630778,279236.7150971744,0.0,92.86185203435808,279236.7150971744
3736.8240727709767,279400.16576775594,0.0,92.9162085396664,279400.16576775594
3733.0893031296127,279539.8937933829,0.0,92.96267593646382,279539.8937933829
3729.358266204587,279679.6916970929,0.0,93.00916657163876,279679.6916970929
3725.6309582652375,281373.2333638972,0.0,93.57236405669036,281373.2333638972
3721.9073755846266,281513.9481206857,0.0,93.61915959688068,281513.9481206857
3718.1875144395453,281687.1440065612,0.0,93.6767569322509,281687.1440065612
3714.4713711105037,281782.3816753906,0.0,93.70842879283647,281782.3816753906
3710.75894188173,282013.15771091834,0.0,93.78517475389965,282013.15771091834
3707.050223041165,282154.19249388634,0.0,93.83207672072415,282154.19249388634
3703.345210880461,282302.80573647533,0.0,93.8814989499566,282302.80573647533
3699.6439016949753,290573.9586521443,0.0,96.63212068657567,290573.9586521443
3695.9462917837695,290719.27469185845,0.0,96.68044641112613,290719.27469185845
3692.252377449603,290864.6634038283,0.0,96.72879630327304,290864.6634038283
3688.562154998929,291021.2696564264,0.0,96.78087665614268,291021.2696564264
3684.875620741896,291167.31871082145,0.0,96.82944614914175,291167.31871082145
3681.192770992337,291312.93148964853,0.0,96.87787055607207,291312.93148964853
3677.5136020677696,290270.2782855826,0.0,96.53112995097138,290270.2782855826
3673.8381102893927,289649.7840266345,0.0,96.32478084661898,289649.7840266345
3670.166291982083,289794.6378865669,0.0,96.37295287049834,289794.6378865669
3666.498143474388,290237.0396196958,0.0,96.52007623236449,290237.0396196958
3662.8336610985248,290382.2205169197,0.0,96.56835701446553,290382.2205169197
3659.1728411903787,290527.4406683789,0.0,96.61665085079905,290527.4406683789
3655.5156800894956,283188.41447223397,0.0,94.17601347091325,283188.41447223397
3651.862174139078,283586.11733795964,0.0,94.30827195510938,283586.11733795964
3648.212319685986,283915.7283987352,0.0,94.41788609930948,283915.7283987352
3644.5661130807302,284064.9689914425,0.0,94.4675169576036,284064.9689914425
3640.9235506774694,278357.8836516166,0.0,92.56959134209156,278357.8836516166
3637.284628834002,278497.32602752536,0.0,92.6159637443541,278497.32602752536
3633.6493439117717,278700.8022720611,0.0,92.68363099543895,278700.8022720611
3630.017692275856,278840.48262288375,0.0,92.73008253769292,278840.48262288375
3626.3896702949664,248917.75482277753,0.0,82.7790991203767,248917.75482277753
3622.7652743414446,249039.17343296067,0.0,82.81947761075223,249039.17343296067
3619.144500791255,249163.6627150797,0.0,82.86087727158113,249163.6627150797
3615.5273460239864,249288.2694653454,0.0,82.90231599714997,249288.2694653454
3611.913806422846,249412.938531361,0.0,82.9437754461969,249412.938531361
3608.3038783746533,249537.66994443693,0.0,82.98525562913439,249537.66994443693
3604.6975582698433,249680.9782501726,0.0,83.03291366965348,249680.9782501726
3601.094842502455,248651.44995362565,0.0,82.6905378316271,248651.44995362565
3597.4957274701333,248775.80054628302,0.0,82.73189137043991,248775.80054628302
3593.9002095741216,248900.2133266165,0.0,82.7732655901391,248900.2133266165
3590.308285219262,249166.15388146686,0.0,82.8617057239727,249166.15388146686
3586.7199508139884,249118.0501340897,0.0,82.8457085329526,249118.0501340897
3583.135202770326,249242.63407351315,0.0,82.88713967263841,249242.63407351315
3579.554037503884,249329.483961595,0.0,82.91602212619918,249329.483961595
3575.9764514338553,249454.17363900208,0.0,82.95748842968854,249454.17363900208
3572.402440983011,249408.77716719612,0.0,82.94239155947123,249408.77716719612
3568.832002577697,249638.73388165992,0.0,83.0188650503781,249638.73388165992
3565.265132647834,249763.57821500074,0.0,83.06038278563003,249763.57821500074
3561.701827626906,250120.44888146382,0.0,83.17906227594334,250120.44888146382
3558.1420839519647,246587.02235429658,0.0,82.00399999509,246587.02235429658
3554.5858980636226,246705.6721993495,0.0,82.04345771593938,246705.6721993495
3551.0332664060484,248353.86033852946,0.0,82.59157261212003,248353.86033852946
3547.484185426966,248392.11828117524,0.0,82.60429552145477,248392.11828117524
3543.938651577648,248525.74862099727,0.0,82.64873509609859,248525.74862099727
3540.396661312916,248659.53132894853,0.0,82.69322534168181,248659.53132894853
3536.8582110911334,248783.88611401437,0.0,82.73458027470532,248783.88611401437
3533.323297374203,248908.30293782326,0.0,82.77595583908662,248908.30293782326
3529.7919166275638,247408.2084664883,0.0,82.2770903844268,247408.2084664883
3526.264065320189,247586.44463403206,0.0,82.336363895834,247586.44463403206
3522.7397399245788,251476.24291132475,0.0,83.62993974936656,251476.24291132475
3519.2189369167613,251960.4656186804,0.0,83.79097092818732,251960.4656186804
3515.701652776283,252116.9043758089,0.0,83.84299557942937,252116.9043758089
3512.187883986213,248571.32593275412,0.0,82.66389210573114,248571.32593275412
3508.6776270331334,251107.0139359129,0.0,83.50715042895229,251107.0139359129
3505.1708784071366,251296.36332850376,0.0,83.57011971030718,251296.36332850376
3501.667634601826,211906.4173174276,0.0,70.47075583600797,211906.4173174276
3498.1678921143075,212019.918971594,0.0,70.50850149495967,212019.918971594
3494.671647445187,212456.77961602318,0.0,70.65378213439314,212456.77961602318
3491.1788970985704,212582.99571567826,0.0,70.69575605879791,212582.99571567826
3487.6896375820565,213160.61840612575,0.0,70.88784796473999,213160.61840612575
3484.2038654067323,213267.22003357578,0.0,70.92329897823383,213267.22003357578
3480.7215770871767,214465.85798878726,0.0,71.3219132521515,214465.85798878726
3477.242769141447,214573.11236649938,0.0,71.35758134167789,214573.11236649938
3473.7674380910835,214713.14397359465,0.0,71.40414969632168,214713.14397359465
3470.295580461104,214731.39173410684,0.0,71.41021809902458,214731.39173410684
3466.8271927799956,214839.17385965594,0.0,71.44606169427388,214839.17385965594
3463.362271579718,214807.99672921756,0.0,71.4356935517013,214807.99672921756
3459.9008133956954,214915.04686738516,0.0,71.4712937201366,214915.04686738516
3456.4428147668164,215021.54245410647,0.0,71.5067094691472,215021.54245410647
3452.988272235428,215032.66916105174,0.0,71.51040972258136,215032.66916105174
3449.5371823473324,215419.69953760316,0.0,71.63911900619978,215419.69953760316
3446.089541651784,215527.4309315389,0.0,71.6749457303454,215527.4309315389
3442.6453467014867,216140.97159220974,0.0,71.87898237369458,216140.97159220974
3439.204594052591,216269.6628512915,0.0,71.92177942727977,216269.6628512915
3435.7672802646853,216390.3469630735,0.0,71.96191365578657,216390.3469630735
3432.3334019008025,216496.85380389678,0.0,71.99733314741658,216496.85380389678
3428.9029555274055,216594.3527752608,0.0,72.02975701778463,216594.3527752608
3425.47593771439,216702.6716133251,0.0,72.06577910001461,216702.6716133251
3422.052345035082,216814.5193264063,0.0,72.10297473089328,216814.5193264063
3418.6321740662297,217439.08189981795,0.0,72.31067677773252,217439.08189981795
3415.2154213880053,196895.44662229717,0.0,65.47876708876105,196895.44662229717
3411.802083583996,197052.74700711243,0.0,65.53107827948172,197052.74700711243
3408.392157241206,209038.86391958524,0.0,69.517133676263,209038.86391958524
3404.985638950049,209241.73854085116,0.0,69.58460085390462,209241.73854085116
3401.582525304347,209781.7819540709,0.0,69.76419554478575,209781.7819540709
3398.182812901327,209886.0323941258,0.0,69.79886465674521,209886.0323941258
3394.786498341616,209990.93723221563,0.0,69.83375139271399,209990.93723221563
3391.3935782292383,210093.19783923656,0.0,69.86775877370906,210093.19783923656
3388.004049171613,210390.7014505971,0.0,69.96669539215566,210390.7014505971
3384.6179077795505,210528.1266254372,0.0,70.01239696204898,210528.1266254372
3381.2351506672467,210641.963531577,0.0,70.05025411106438,210641.963531577
3377.8557744522827,210747.3055430102,0.0,70.08528623166252,210747.3055430102
3374.47977575562,210888.96084459993,0.0,70.13239455569337,210888.96084459993
3371.1071512015965,211158.18443559288,0.0,70.2219264829768,211158.18443559288
3367.737897417926,211318.26309545708,0.0,70.27516160580439,211318.26309545708
3364.3720110356903,211531.41697468158,0.0,70.34604721261367,211531.41697468158
3361.00948868934,211628.98125513998,0.0,70.37849280191453,211628.98125513998
3357.650327016688,211734.81691080565,0.0,70.41368908687643,211734.81691080565
3354.2945226589086,211840.7054947889,0.0,70.44890297346925,211840.7054947889
3350.9420722605323,212931.53806933708,0.0,70.81166591850926,212931.53806933708
3347.5929724694442,213038.0251337138,0.0,70.84707883336281,213038.0251337138
3344.2472199368785,213144.56545220228,0.0,70.8825094581921,213144.56545220228
3340.904811317418,213251.23005412656,0.0,70.91798141422679,213251.23005412656
3337.565743268987,213425.8796726284,0.0,70.97606219714078,213425.8796726284
3334.2300124528515,213538.3880646819,0.0,71.01347754079235,213538.3880646819
3330.897615533613,213681.9052402319,0.0,71.06120504222666,213681.9052402319
3327.568549179209,214048.63950550254,0.0,71.18316473175258,214048.63950550254
3324.242810060905,214155.68523223337,0.0,71.21876343313801,214155.68523223337
3320.920394853294,214283.62102064805,0.0,71.26130925040107,214283.62102064805
3317.6013002342934,214390.78426155608,0.0,71.29694703183415,214390.78426155608
3314.2855228851395,214498.41836543445,0.0,71.33274140158501,214498.41836543445
3310.9730594903863,214607.74906734013,0.0,71.36909998523203,214607.74906734013
3307.663906737902,214715.074404717,0.0,71.40479167282245,214715.074404717
3304.3580613188633,256775.07961957683,0.0,85.39209982271039,256775.07961957683
3301.055519927756,260168.87381613036,0.0,86.52072653071956,260168.87381613036
3297.756279262368,260023.6997318706,0.0,86.47244801431079,260023.6997318706
3294.460336023789,260153.73758675405,0.0,86.51569288644319,260153.73758675405
3291.1676869164044,260283.8404734001,0.0,86.55895938528008,260283.8404734001
3287.878328647895,266117.5857500967,0.0,88.4990065259371,266117.5857500967
3284.59225792923,266252.1735301111,0.0,88.54376450308557,266252.1735301111
3281.3094714746676,266773.63201419456,0.0,88.71717866380641,266773.63201419456
3278.029966001749,286367.19635150564,0.0,95.23313653733987,286367.19635150564
3274.753738231296,286590.6295707408,0.0,95.30744060060374,286590.6295707408
3271.4807848874093,287001.9343459834,0.0,95.44422248176257,287001.9343459834
3268.2111026974626,299695.0415689855,0.0,99.66539176599683,299695.0415689855
3264.944688392099,299765.0971501068,0.0,99.6886891715905,299765.0971501068
3261.681538705231,300206.3372234247,0.0,99.8354262164874,300206.3372234247
3258.4216503740363,304500.2584249293,0.0,101.26339558334716,304500.2584249293
3255.1650201389507,304711.9615845319,0.0,101.33379874460546,304711.9615845319
3251.911644743669,360531.197897314,0.0,119.896822096834,360531.197897314
3248.661520935142,360739.3636055091,0.0,119.96604885731325,360739.3636055091
3245.4146454635707,360921.19179091847,0.0,120.02651691590391,360921.19179091847
3242.1710150824033,316372.60908960574,0.0,105.21161732897089,316372.60908960574
3238.9306265483333,316587.8480606821,0.0,105.2831963456384,316587.8480606821
3235.693476621297,316746.1736465295,0.0,105.33584847313924,316746.1736465295
3232.459562064467,316904.5784112523,0.0,105.38852693205216,316904.5784112523
3229.228879644252,317148.18851868575,0.0,105.46954094105412,317148.18851868575
3226.0014261302927,318662.4837372617,0.0,105.97312893976982,318662.4837372617
3222.777198295457,318807.27309304156,0.0,106.02127951240459,318807.27309304156
3219.5561929158407,320065.74432427995,0.0,106.4397917027664,320065.74432427995
3216.338406770759,320225.80920620734,0.0,106.49302224365809,320225.80920620734
3213.1238366427474,320781.22838216217,0.0,106.67773023707726,320781.22838216217
3209.9124793175574,352352.38274222397,0.0,117.17690783883957,352352.38274222397
3206.704331584153,352106.6146281966,0.0,117.09517617174261,352106.6146281966
3203.499390234706,353580.849831709,0.0,117.58544197108338,353580.849831709
3200.2976520645952,338893.99863380025,0.0,112.70124111548952,338893.99863380025
3197.0991138724025,338709.2433977656,0.0,112.63979964857766,338709.2433977656
3193.90377245991,338879.14905840217,0.0,112.69630279972074,338879.14905840217
3190.7116246320948,339048.6225242493,0.0,112.75266222188259,339048.6225242493
3187.5226671971286,339231.7267135502,0.0,112.81355462325543,339231.7267135502
3184.3368969663716,339415.5721902095,0.0,112.87469354420564,339415.5721902095
3181.154310754372,339571.5154466721,0.0,112.9265534137158,339571.5154466721
3177.9749053788623,340115.41876715265,0.0,113.10743174001283,340115.41876715265
3174.798677660754,340272.36554931337,0.0,113.15962533804026,340272.36554931337
3171.625624424138,340442.53576258203,0.0,113.21621646775509,340442.53576258203
3168.4557424962763,343529.1913957773,0.0,114.24270239597926,343529.1913957773
3165.289028707605,343692.4580577661,0.0,114.29699770812141,343692.4580577661
3162.1254798917266,343981.87991686526,0.0,114.39324669116013,343981.87991686526
3158.965092885407,344063.8294342575,0.0,114.42049949692287,344063.8294342575
3155.807864528577,346066.81577145145,0.0,115.08660467154726,346066.81577145145
3152.653791664322,346239.8837894076,0.0,115.14415948367049,346239.8837894076
3149.502871138885,335234.96798001387,0.0,111.48440842555172,335234.96798001387
3146.35509980166,335405.788875943,0.0,111.54121594370574,335405.788875943
3143.2104745051906,333712.395443918,0.0,110.9780677550231,333712.395443918
3140.0689921051653,330948.4973612876,0.0,110.05891679488539,330948.4973612876
3136.930649460415,331117.27152935165,0.0,110.11504366135613,331117.27152935165
3133.7954434329113,331276.6544103418,0.0,110.16804739872701,331276.6544103418
3130.663370887762,331439.0697386145,0.0,110.22205959471248,331439.0697386145
3127.5344286932063,331646.2183955612,0.0,110.29094812867123,331646.2183955612
3124.408613720615,331812.07467280363,0.0,110.34610463296866,331812.07467280363
3121.2859228444863,331117.1020053754,0.0,110.11498728513642,331117.1020053754
3118.16635294244,331280.67695127666,0.0,110.1693851189511,331280.67695127666
3115.049900895218,331446.3504210802,0.0,110.22448082953329,331446.3504210802
3111.93656358668,433886.2989134154,0.0,144.2915029114685,433886.2989134154
3108.8263379038003,434103.2854560332,0.0,144.3636630935814,434103.2854560332
3105.719220736663,334951.3992192224,0.0,111.39010592562073,334951.3992192224
3102.615208978462,333970.5189106838,0.0,111.06390826911547,333970.5189106838
3099.5142995254955,332410.5349327321,0.0,110.54512619819006,332410.5349327321
3096.4164892771632,332605.0898037965,0.0,110.60982659277484,332605.0898037965
3093.3217751359653,332759.81523295067,0.0,110.66128146647605,332759.81523295067
3090.2301540074964,339098.7753278458,0.0,112.7693408388942,339098.7753278458
3087.1416228004446,339237.0114696039,0.0,112.81531210072227,339237.0114696039
3084.056178426586,338149.18455930287,0.0,112.45354870743705,338149.18455930287
3080.973817800786,338254.1581462043,0.0,112.48845830623736,338254.1581462043
3077.8945378409917,338421.82899027894,0.0,112.54421825566777,338421.82899027894
3074.8183354682296,340750.6518068237,0.0,113.31868231469724,340750.6518068237
3071.745207606606,961955.624504278,0.0,319.9041388065616,961955.624504278
3068.6751511833,962684.8264007131,0.0,320.1466392907346,962684.8264007131
3065.608163128561,964962.4505925942,0.0,320.9040769386554,964962.4505925942
3062.5442403757074,965445.1766147129,0.0,321.06461038578294,965445.1766147129
3059.4833798611235,963496.3853432658,0.0,320.4165281068033,963496.3853432658
3056.425578524254,304375.4232325809,0.0,101.22188088798734,304375.4232325809
3053.3708333076033,348005.30369295366,0.0,115.73126050942405,348005.30369295366
3050.319141156731,360093.81179170916,0.0,119.75136671212063,360093.81179170916
3047.2704990202496,360265.9229443232,0.0,119.80860331290913,360265.9229443232
3044.2249038498226,360446.09193604084,0.0,119.86851959664081,360446.09193604084
3041.182352600158,360626.3510303095,0.0,119.9284658445187,360626.3510303095
3038.1428422290096,348635.1464442177,0.0,115.94071851122169,348635.1464442177
3035.10636969717,348809.49888458283,0.0,115.99870046575579,348809.49888458283
3032.07293196847,346550.5464149621,0.0,115.24747221157163,346550.5464149621
3029.0425260097754,346934.1276919126,0.0,115.37503447633661,346934.1276919126
3026.0151487909825,347107.62945265137,0.0,115.43273353223553,347107.62945265137
3022.990797285017,347281.2179816291,0.0,115.49046144343511,347281.2179816291
3019.969468467829,335032.56566758745,0.0,111.4170983170604,335032.56566758745
3016.951159318391,335200.1154570717,0.0,111.4728180090574,335200.1154570717
3013.935866818697,302797.8140989695,0.0,100.69723746535401,302797.8140989695
3010.9235879537555,302815.4872348098,0.0,100.70311477316008,302815.4872348098
3007.9143197115873,302966.9252630699,0.0,100.75347640188706,302966.9252630699
3004.9080590832255,298136.011340229,208688.9475305351,29.746159997309157,89447.06380969392
3001.9048030627105,228199.95706130285,228199.95706130285,0.0,0.0
2998.9045486470845,240315.43376210227,240315.43376210227,0.0,0.0
2995.9072928363953,240114.29180733633,240114.29180733633,0.0,0.0
2992.913032633685,238783.03137704483,238783.03137704483,0.0,0.0
2989.9217650449928,238663.67567035978,238663.67567035978,0.0,0.0
2986.93348707935,238546.27515930956,238546.27515930956,0.0,0.0
2983.9481957487765,238282.78504060573,238282.78504060573,0.0,0.0
2980.96588806828,237878.7938467826,237878.7938467826,0.0,0.0
2977.9865610558513,236994.50193282092,236994.50193282092,0.0,0.0
2975.0102117324604,235543.25158575687,235543.25158575687,0.0,0.0
2972.036837122055,215285.7380934916,215285.7380934916,0.0,0.0
2969.066434251559,215178.47955252434,215178.47955252434,0.0,0.0
2966.0990001508635,209871.89793409617,209871.89793409617,0.0,0.0
2963.1345318528333,209227.2368013677,209227.2368013677,0.0,0.0
2960.1730263932955,209130.59209782854,209130.59209782854,0.0,0.0
2957.2144808110406,208380.46801981342,208380.46801981342,0.0,0.0
2954.258892147818,208268.3794306985,208268.3794306985,0.0,0.0
2951.3062574483356,203910.15361687032,203910.15361687032,0.0,0.0
2948.356573760253,203136.19663755212,203136.19663755212,0.0,0.0
2945.409838134181,203010.22744212006,203010.22744212006,0.0,0.0
2942.466047623678,202794.13307281228,202794.13307281228,0.0,0.0
2939.5251992852486,196367.1560251776,196367.1560251776,0.0,0.0
2936.587290178338,196261.18981078995,196261.18981078995,0.0,0.0
2933.6523173653304,196160.05941910116,196160.05941910116,0.0,0.0
2930.7202779115464,198992.72908444764,198992.72908444764,0.0,0.0
2927.7911688852387,195985.54210381678,195985.54210381678,0.0,0.0
2924.864987357592,195784.430785767,195784.430785767,0.0,0.0
2921.941730402717,195630.38625758365,195630.38625758365,0.0,0.0
2919.0213950976477,195525.49062661573,195525.49062661573,0.0,0.0
2916.1039785223415,195265.77317872795,195265.77317872795,0.0,0.0
2913.189477759673,195168.16957521465,195168.16957521465,0.0,0.0
2910.277889895433,192455.5713377944,192455.5713377944,0.0,0.0
2907.3692120183246,192358.5771213151,192358.5771213151,0.0,0.0
2904.46344121996,293583.32060803275,293583.32060803275,0.0,0.0
2901.5605745948583,191655.45649353345,191655.45649353345,0.0,0.0
2898.660609240444,78920.37917634162,78920.37917634162,0.0,0.0
2895.763542257041,78880.93082205854,78880.93082205854,0.0,0.0
2892.8693707478715,78841.50218601953,78841.50218601953,0.0,0.0
2889.9780918190527,76598.69748952343,76598.69748952343,0.0,0.0
2887.0897025795966,76534.39483243442,76534.39483243442,0.0,0.0
2884.2042001414,76496.13911250842,76496.13911250842,0.0,0.0
2881.32158161925,76568.61607603186,76568.61607603186,0.0,0.0
2878.441844130816,76530.3432506043,76530.3432506043,0.0,0.0
2875.564984796649,76492.08955584688,76492.08955584688,0.0,0.0
2872.6910007401752,76302.44134653127,76302.44134653127,0.0,0.0
2869.819889087699,74447.44257229642,74447.44257229642,0.0,0.0
2866.951646968396,74410.23001549143,74410.23001549143,0.0,0.0
2864.0862715143094,74373.03119382827,74373.03119382827,0.0,0.0
2861.22375986035,74316.58970136414,74316.58970136414,0.0,0.0
2858.3641091442933,73807.89670477589,73807.89670477589,0.0,0.0
2855.507316506774,73770.8424590577,73770.8424590577,0.0,0.0
2852.653379091284,73726.52924916324,73726.52924916324,0.0,0.0
2849.8022940441715,73079.01871036734,73079.01871036734,0.0,0.0
2846.9540585146365,73038.13651251214,73038.13651251214,0.0,0.0
2844.1086696547277,73030.06948413095,73030.06948413095,0.0,0.0
2841.266124619341,72965.13853089703,72965.13853089703,0.0,0.0
2838.4264205662157,72928.66690386117,72928.66690386117,0.0,0.0
2835.5895546559295,72893.05255464987,72893.05255464987,0.0,0.0
2832.7555240519023,72847.2560686632,72847.2560686632,0.0,0.0
2829.924325920385,72810.8433647767,72810.8433647767,0.0,0.0
2827.0959574304634,72774.44886217867,72774.44886217867,0.0,0.0
2824.2704157540506,72738.07255139017,72738.07255139017,0.0,0.0
2821.4476980658874,72651.9064888412,72651.9064888412,0.0,0.0
2818.6278015435396,72615.59143086098,72615.59143086098,0.0,0.0
2815.81072336739,72579.29933975665,72579.29933975665,0.0,0.0
2812.9964607206443,66032.66120738366,66032.66120738366,0.0,0.0
2810.1850107893188,66055.66102517882,66055.66102517882,0.0,0.0
2807.376370762246,66022.62017878518,66022.62017878518,0.0,0.0
2804.570537831066,66014.63545291197,66014.63545291197,0.0,0.0
2801.767509190226,65957.59684229981,65957.59684229981,0.0,0.0
2798.9672820369774,64884.64555585312,64884.64555585312,0.0,0.0
2796.169853571373,64851.07096640912,64851.07096640912,0.0,0.0
2793.3752209962636,64845.65026362842,64845.65026362842,0.0,0.0
2790.5833815172964,64813.51734580383,64813.51734580383,0.0,0.0
2787.794332342911,64790.28395424101,64790.28395424101,0.0,0.0
2785.0080706843355,64758.66282183038,64758.66282183038,0.0,0.0
2782.2245937555876,64557.70650952559,64557.70650952559,0.0,0.0
2779.4438987734684,63906.316932117574,63906.316932117574,0.0,0.0
2776.6659829575606,63874.373357374745,63874.373357374745,0.0,0.0
2773.8908435302255,63842.44574962972,63842.44574962972,0.0,0.0
2771.1184777166022,63732.12660268241,63732.12660268241,0.0,0.0
2768.3488827446004,63701.070597629565,63701.070597629565,0.0,0.0
2765.582055844903,62256.48663525996,62256.48663525996,0.0,0.0
2762.8179942509587,62224.160760721585,62224.160760721585,0.0,0.0
2760.0566951989827,62193.05801178706,62193.05801178706,0.0,0.0
2757.298155927951,62161.97080958161,62161.97080958161,0.0,0.0
2754.542373679601,62103.020105833166,62103.020105833166,0.0,0.0
2751.7893456984248,61822.89437793242,61822.89437793242,0.0,0.0
2749.0390692316696,60913.0147883837,60913.0147883837,0.0,0.0
2746.291541529334,60882.567415830454,60882.567415830454,0.0,0.0
2743.546759844165,60852.121163715274,60852.121163715274,0.0,0.0
2740.8047214316553,60855.361669211634,60855.361669211634,0.0,0.0
2738.065423550039,60825.347411624105,60825.347411624105,0.0,0.0
2735.3288634602936,60794.943859601175,60794.943859601175,0.0,0.0
2732.595038426132,60475.10185295447,60475.10185295447,0.0,0.0
2729.8639457140016,55134.07030143212,55134.07030143212,0.0,0.0
2727.135582593083,55106.51153446666,55106.51153446666,0.0,0.0
2724.4099463352854,55077.1674058215,55077.1674058215,0.0,0.0
2721.6870342152456,54786.40363948354,54786.40363948354,0.0,0.0
2718.966843510323,54758.71502400742,54758.71502400742,0.0,0.0
2716.2493715005985,54731.34387837984,54731.34387837984,0.0,0.0
2713.534615468872,54704.57482955182,54704.57482955182,0.0,0.0
2710.822572700658,54676.24108230677,54676.24108230677,0.0,0.0
2708.1132404841856,54648.91116128567,54648.91116128567,0.0,0.0
2705.406616110393,54621.59490114337,54621.59490114337,0.0,0.0
2702.702696872925,54591.78109540342,54591.78109540342,0.0,0.0
2700.0014800681347,40753.24330040932,40753.24330040932,0.0,0.0
2697.3029629950734,40746.59831328605,40746.59831328605,0.0,0.0
2694.6071429554945,40690.29077394772,40690.29077394772,0.0,0.0
2691.914017253847,40667.430043460896,40667.430043460896,0.0,0.0
2689.223583197274,40646.889634124906,40646.889634124906,0.0,0.0
2686.5358380956113,40574.52800632543,40574.52800632543,0.0,0.0
2683.850779261381,40552.16220983359,40552.16220983359,0.0,0.0
2681.168404009793,40418.24584008168,40418.24584008168,0.0,0.0
2678.4887096587404,40406.177302644246,40406.177302644246,0.0,0.0
2675.8116935287962,40465.525437315904,40465.525437315904,0.0,0.0
2673.1373529432117,40418.76333295586,40418.76333295586,0.0,0.0
2670.465685227914,40398.97201843076,40398.97201843076,0.0,0.0
2667.7966877115014,40376.63514562295,40376.63514562295,0.0,0.0
2665.130357725244,40247.64703184721,40247.64703184721,0.0,0.0
2662.4666926030773,40227.01658673216,40227.01658673216,0.0,0.0
2659.805689681604,40207.81419317735,40207.81419317735,0.0,0.0
2657.1473463000843,40187.716315844824,40187.716315844824,0.0,0.0
2654.4916598004424,40147.78133347043,40147.78133347043,0.0,0.0
2651.838627527257,40126.960327598295,40126.960327598295,0.0,0.0
2649.18824682776,39636.43798534805,39636.43798534805,0.0,0.0
2646.5405150518363,39616.62571040516,39616.62571040516,0.0,0.0
2643.895429552018,39596.823338679154,39596.823338679154,0.0,0.0
2641.2529876834847,39577.04472456893,39577.04472456893,0.0,0.0
2638.6131868040584,39557.24828487668,39557.24828487668,0.0,0.0
2635.976024274201,39537.475592933166,39537.475592933166,0.0,0.0
2633.3414974570137,39518.42097802059,39518.42097802059,0.0,0.0
2630.709603718234,39511.01097586983,39511.01097586983,0.0,0.0
2628.08034042623,39489.27202973734,39489.27202973734,0.0,0.0
2625.4537049520013,39469.53331573514,39469.53331573514,0.0,0.0
2622.8296946691753,39447.43183721103,39447.43183721103,0.0,0.0
2620.2083069540035,38095.01198622847,38095.01198622847,0.0,0.0
2617.5895391853596,38076.10717066764,38076.10717066764,0.0,0.0
2614.9733887447383,38057.07482716498,38057.07482716498,0.0,0.0
2612.359853016251,37350.9077794706,37350.9077794706,0.0,0.0
2609.7489293866215,37332.09075071313,37332.09075071313,0.0,0.0
2607.140615245188,37313.43030385088,37313.43030385088,0.0,0.0
2604.534907983897,37297.086134323086,37297.086134323086,0.0,0.0
2601.9318049973012,37265.06343083747,37265.06343083747,0.0,0.0
2599.331303682558,31668.629849862093,31668.629849862093,0.0,0.0
2596.733401439426,31651.361529133872,31651.361529133872,0.0,0.0
2594.1380956702615,31635.540594963364,31635.540594963364,0.0,0.0
2591.5453837800196,31619.727568886618,31619.727568886618,0.0,0.0
2588.9552631762463,88344.29100429211,88344.29100429211,0.0,0.0
2586.3677312690793,31652.466627231403,31652.466627231403,0.0,0.0
2583.7827854712473,31573.504432173824,31573.504432173824,0.0,0.0
2581.2004231980604,31557.722414894837,31557.722414894837,0.0,0.0
2578.620641867416,31541.94828623509,31541.94828623509,0.0,0.0
2576.043438899789,31535.288214922635,31535.288214922635,0.0,0.0
2573.4688117182363,31519.525300006735,31519.525300006735,0.0,0.0
2570.8967577483854,31531.043381820688,31531.043381820688,0.0,0.0
2568.3272744184405,31515.282588673395,31515.282588673395,0.0,0.0
2565.760359159175,31499.52967358185,31499.52967358185,0.0,0.0
2563.1960094039296,31459.552475036624,31459.552475036624,0.0,0.0
2560.6342225886115,31443.82741663226,31443.82741663226,0.0,0.0
2558.074996151689,31418.20741457135,31418.20741457135,0.0,0.0
2555.518327534192,31402.50302248408,31402.50302248408,0.0,0.0
2552.9642141797067,31388.746900991588,31388.746900991588,0.0,0.0
2550.4126535343753,31351.27179303378,31351.27179303378,0.0,0.0
2547.8636430468923,31335.600858711958,31335.600858711958,0.0,0.0
2545.317180168501,31317.180271847763,31317.180271847763,0.0,0.0
2542.773262352994,29037.407390147757,29037.407390147757,0.0,0.0
2540.231887056708,29022.91829816761,29022.91829816761,0.0,0.0
2537.69305173852,29008.40837104138,29008.40837104138,0.0,0.0
2535.156753859849,28993.908517119904,28993.908517119904,0.0,0.0
2532.6229908846503,29007.66219743604,29007.66219743604,0.0,0.0
2530.091760279415,28993.162716480434,28993.162716480434,0.0,0.0
2527.5630595131647,28955.20242524367,28955.20242524367,0.0,0.0
2525.0368860574513,28928.22783055363,28928.22783055363,0.0,0.0
2522.513237386354,28913.768054858283,28913.768054858283,0.0,0.0
2519.992110976476,28905.280881957307,28905.280881957307,0.0,0.0
2517.4735043069427,28880.33341322264,28880.33341322264,0.0,0.0
2514.9574148593993,28866.202399948303,28866.202399948303,0.0,0.0
2512.4438401180073,28859.26225809162,28859.26225809162,0.0,0.0
2509.9327775694437,28862.56590771358,28862.56590771358,0.0,0.0
2507.4242247028965,28762.69391058088,28762.69391058088,0.0,0.0
2504.918179010063,28745.885682002252,28745.885682002252,0.0,0.0
2502.414637985149,28636.210230331675,28636.210230331675,0.0,0.0
2499.9135991248627,24815.072484080338,24815.072484080338,0.0,0.0
2497.4150599284153,24800.84780557301,24800.84780557301,0.0,0.0
2494.9190178975173,25574.886794900725,25574.886794900725,0.0,0.0
2492.425470536376,25562.103186846944,25562.103186846944,0.0,0.0
2489.934415351693,25160.102301801133,25160.102301801133,0.0,0.0
2487.4458498526624,25037.376801528197,25037.376801528197,0.0,0.0
2484.959771550967,25024.861867843047,25024.861867843047,0.0,0.0
2482.4761779607775,25101.407074071736,25101.407074071736,0.0,0.0
2479.9950665987476,25087.963101895224,25087.963101895224,0.0,0.0
2477.5164349840143,25075.42288264807,25075.42288264807,0.0,0.0
2475.040280638193,24200.648202854267,24200.648202854267,0.0,0.0
2472.5666010853774,24202.0652348261,24202.0652348261,0.0,0.0
2470.095393852135,23547.095575969928,23547.095575969928,0.0,0.0
2467.626656467505,23496.671868540252,23496.671868540252,0.0,0.0
2465.160386462998,23484.927056291035,23484.927056291035,0.0,0.0
2462.6965813725888,23462.68565415119,23462.68565415119,0.0,0.0
2460.2352387327187,23450.95782989592,23450.95782989592,0.0,0.0
2457.776356082292,23439.235867801926,23439.235867801926,0.0,0.0
2455.3199309626707,23428.170761340934,23428.170761340934,0.0,0.0
2452.8659609176752,23416.460189353907,23416.460189353907,0.0,0.0
2450.414443493581,23480.112686218185,23480.112686218185,0.0,0.0
2447.965376239116,23468.37615106873,23468.37615106873,0.0,0.0
2445.5187567054563,23375.42057093091,23375.42057093091,0.0,0.0
2443.074582446228,23812.564346041036,23812.564346041036,0.0,0.0
2440.632851017501,23828.9940576878,23828.9940576878,0.0,0.0
2438.1935599777867,23383.105316722915,23383.105316722915,0.0,0.0
2435.756706888039,23343.088432511497,23343.088432511497,0.0,0.0
2433.3222893116476,23331.420388935905,23331.420388935905,0.0,0.0
2430.890304814438,23319.75817765475,23319.75817765475,0.0,0.0
2428.46075096467,23308.10179570887,23308.10179570887,0.0,0.0
2426.0336253330306,23296.45124021913,23296.45124021913,0.0,0.0
2423.608925492638,23302.51778862823,23302.51778862823,0.0,0.0
2421.1866490190337,23290.73051646648,23290.73051646648,0.0,0.0
2418.7667934901838,23099.72979381681,23099.72979381681,0.0,0.0
2416.3493564864743,23088.183393079882,23088.183393079882,0.0,0.0
2413.9343355907104,23076.695904943335,23076.695904943335,0.0,0.0
2411.5217283881116,23083.50023647509,23083.50023647509,0.0,0.0
2409.1115324663115,23071.961948072923,23071.961948072923,0.0,0.0
2406.703745415356,23104.587741442003,23104.587741442003,0.0,0.0
2404.298364827698,23093.038912454762,23093.038912454762,0.0,0.0
2401.8953882981978,23956.85104569589,23956.85104569589,0.0,0.0
2399.494813424118,23844.53991757396,23844.53991757396,0.0,0.0
2397.0966378051244,24153.269310981148,24153.269310981148,0.0,0.0
2394.7008590432806,24141.160824728966,24141.160824728966,0.0,0.0
2392.307474743047,24129.093864643848,24129.093864643848,0.0,0.0
2389.9164825112784,24117.032936228807,24117.032936228807,0.0,0.0
2387.5278799572216,24109.223375803544,24109.223375803544,0.0,0.0
2385.141664692513,24097.172379654894,24097.172379654894,0.0,0.0
2382.757834331176,24085.12740719628,24085.12740719628,0.0,0.0
2380.3763864896177,24165.413693285205,24165.413693285205,0.0,0.0
2377.997318786628,24153.33461041666,24153.33461041666,0.0,0.0
2375.6206288433777,24022.625797409928,24022.625797409928,0.0,0.0
2373.2463142834135,24010.618087061634,24010.618087061634,0.0,0.0
2370.874372732659,23998.02620298151,23998.02620298151,0.0,0.0
2368.504801819409,23986.460583028238,23986.460583028238,0.0,0.0
2366.137599174329,23972.042509135514,23972.042509135514,0.0,0.0
2363.772762430453,23960.060082848348,23960.060082848348,0.0,0.0
2361.4102892231813,23948.08364597941,23948.08364597941,0.0,0.0
2359.050177190276,23936.113195523983,23936.113195523983,0.0,0.0
2356.692423971861,23924.148728511205,23924.148728511205,0.0,0.0
2354.3370272104185,23912.190241936332,23912.190241936332,0.0,0.0
2351.9839845507877,23902.93995702355,23902.93995702355,0.0,0.0
2349.6332936401604,23938.62354465404,23938.62354465404,0.0,0.0
2347.2849521280805,23928.807984552994,23928.807984552994,0.0,0.0
2344.938957666441,23927.840901511805,23927.840901511805,0.0,0.0
2342.595307909483,23915.04242603474,23915.04242603474,0.0,0.0
2340.2540005137894,23902.62357734429,23902.62357734429,0.0,0.0
2337.9150331382875,24042.872197014498,24042.872197014498,0.0,0.0
2335.5784034442436,23877.255449161603,23877.255449161603,0.0,0.0
2333.244109095261,23864.211175883724,23864.211175883724,0.0,0.0
2330.9121477572794,23855.126746992522,23855.126746992522,0.0,0.0
2328.5825170985695,23843.199761800926,23843.199761800926,0.0,0.0
2326.255214789734,23832.994355168834,23832.994355168834,0.0,0.0
2323.930238503703,23821.081432109768,23821.081432109768,0.0,0.0
2321.6075859157318,23807.327527168138,23807.327527168138,0.0,0.0
2319.287254703401,23793.679058488808,23793.679058488808,0.0,0.0
2316.9692425466105,23781.690750178954,23781.690750178954,0.0,0.0
2314.6535471275797,23769.803471232033,23769.803471232033,0.0,0.0
2312.3401661308453,23757.922134133176,23757.922134133176,0.0,0.0
2310.0290972432563,23825.103498499353,23825.103498499353,0.0,0.0
2307.7203381539757,23812.24374342687,23812.24374342687,0.0,0.0
2305.413886554474,23791.667627109346,23791.667627109346,0.0,0.0
2303.1097401385314,23800.3778941829,23800.3778941829,0.0,0.0
2300.807896602231,23756.67150793483,23756.67150793483,0.0,0.0
2298.508353643959,23733.452813418575,23733.452813418575,0.0,0.0
2296.211108964402,23947.53763732109,23947.53763732109,0.0,0.0
2293.9161602665454,23935.567459792608,23935.567459792608,0.0,0.0
2291.62350525567,23695.61095837722,23695.61095837722,0.0,0.0
2289.333141639349,23668.900052816723,23668.900052816723,0.0,0.0
2287.045067127448,23657.06915229459,23657.06915229459,0.0,0.0
2284.7592794321213,23645.09937023899,23645.09937023899,0.0,0.0
2282.475776267809,23636.060710534937,23636.060710534937,0.0,0.0
2280.1945553512373,23624.316460729293,23624.316460729293,0.0,0.0
2277.9156144014114,23602.34879729819,23602.34879729819,0.0,0.0
2275.6389511396196,23592.52040892514,23592.52040892514,0.0,0.0
2273.364563289426,24126.251398091226,24126.251398091226,0.0,0.0
2271.0924485766686,24114.191890489248,24114.191890489248,0.0,0.0
2268.822604729461,23557.159923292773,23557.159923292773,0.0,0.0
2266.5550294781856,23543.41956395756,23543.41956395756,0.0,0.0
2264.2897205554937,23531.651384856086,23531.651384856086,0.0,0.0
2262.0266756963033,23624.211599221733,23624.211599221733,0.0,0.0
2259.7658926377944,23616.098689812694,23616.098689812694,0.0,0.0
2257.5073691194107,23603.841554860097,23603.841554860097,0.0,0.0
2255.2511028828544,24236.206995236804,24236.206995236804,0.0,0.0
2252.9970916720845,24203.1325783418,24203.1325783418,0.0,0.0
2250.745333233315,24187.202463745696,24187.202463745696,0.0,0.0
2248.4958253150116,24335.23670792391,24335.23670792391,0.0,0.0
2246.2485656678923,24324.195582512628,24324.195582512628,0.0,0.0
2244.0035520449223,24159.06095687564,24159.06095687564,0.0,0.0
2241.7607822013106,24166.49867062496,24166.49867062496,0.0,0.0
2239.5202538945123,24147.734858601652,24147.734858601652,0.0,0.0
2237.2819648842237,24141.166576725853,24141.166576725853,0.0,0.0
2235.045912932378,24166.18031813285,24166.18031813285,0.0,0.0
2232.8120958031477,23346.087620333787,23346.087620333787,0.0,0.0
2230.580511262938,23334.602402893215,23334.602402893215,0.0,0.0
2228.3511570803885,23326.424808789947,23326.424808789947,0.0,0.0
