price,amount,amount_0,amount_1,amount_1_adj
4158.817265301036,106678.90637345814,0.0,34.635449554717354,106678.90637345814
4154.660734470589,106732.25788756208,0.0,34.652771195313726,106732.25788756208
4150.508357885795,106785.63133742566,0.0,34.67009995779503,106785.63133742566
4146.360131394691,106861.49863383555,0.0,34.694731799336964,106861.49863383555
4142.216050849466,107012.97412573332,0.0,34.743911360102565,107012.97412573332
4138.076112106453,107066.49131517975,0.0,34.76128679052639,107066.49131517975
4133.940311026128,107120.03526855352,0.0,34.77867091039677,107120.03526855352
4129.808643473102,107173.6059992636,0.0,34.796063724067196,107173.6059992636
4125.681105316121,107227.20352069396,0.0,34.813465235883044,107227.20352069396
4121.5576924280585,107280.82784625365,0.0,34.83087545019782,107280.82784625365
4117.438400685914,107334.47898932658,0.0,34.8482943713569,107334.47898932658
4113.323225970807,107388.15696332185,0.0,34.86572200371379,107388.15696332185
4109.212164167973,107441.86178172358,0.0,34.88315835164641,107441.86178172358
4105.105211166762,107495.59358026864,0.0,34.90060345922444,107495.59358026864
4101.002362860633,108815.75045608374,0.0,35.32921890374856,108815.75045608374
4096.903615147145,108870.16921396168,0.0,35.3468870464713,108870.16921396168
4092.808963927961,109052.53586118332,0.0,35.406096041248546,109052.53586118332
4088.718405108838,109107.07302005173,0.0,35.42380262523087,109107.07302005173
4084.631934599627,109417.585070365,0.0,35.524616598867865,109417.585070365
4080.5495483142645,117812.12492127961,0.0,38.25007256223867,117812.12492127961
4076.471242170773,117871.04276611088,0.0,38.26920142390306,117871.04276611088
4072.3970120912536,117950.25506440051,0.0,38.29491928748819,117950.25506440051
4068.326854001883,118695.68620260285,0.0,38.53693847817373,118695.68620260285
4064.2607638329105,118725.26890280032,0.0,38.54654309594882,118725.26890280032
4060.1987375186513,118857.88024061057,0.0,38.58959803021138,118857.88024061057
4056.1407709974847,118917.32106772374,0.0,38.60889668857746,118917.32106772374
4052.0868602118508,144252.90798960582,0.0,46.83460383728075,144252.90798960582
4048.0370011082427,144724.6488106707,0.0,46.98776396955372,144724.6488106707
4043.9911896372073,154135.76810900128,0.0,50.04327286809501,154135.76810900128
4039.949421753336,154212.85140818148,0.0,50.06829950935922,154212.85140818148
4035.9116934152644,154266.01675072662,0.0,50.085560705619855,154266.01675072662
4031.8780005856693,154343.16532031968,0.0,50.11060853823453,154343.16532031968
4027.848339231259,154420.35237089745,0.0,50.135668864473764,154420.35237089745
4023.822705322777,184067.2416359737,0.0,59.76112690957347,184067.2416359737
4019.801094834989,184432.36515614306,0.0,59.87967159374744,184432.36515614306
4015.783503746687,185031.3549556339,0.0,60.07414566260813,185031.3549556339
4011.7699280406828,204607.44422581157,0.0,66.42991622161881,204607.44422581157
4007.7603637038,205103.95905032672,0.0,66.59111973168726,205103.95905032672
4003.754806726876,208320.27130756478,0.0,67.6353601042667,208320.27130756478
3999.7532531047536,243617.84960758185,0.0,79.0954278362518,243617.84960758185
3995.7556988362785,243739.68289659274,0.0,79.1349834604991,243739.68289659274
3991.7621399242967,243861.57711445863,0.0,79.17455886652291,243861.57711445863
3987.772572375648,243983.53229162467,0.0,79.21415406420786,243983.53229162467
3983.7869922011623,244004.771179504,0.0,79.22104969573194,244004.771179504
3979.805395415659,286359.38085257716,0.0,92.97232440046076,286359.38085257716
3975.827778037938,286502.7123986491,0.0,93.0188598656463,286502.7123986491
3971.854136090781,286956.6990873104,0.0,93.16625576225023,286956.6990873104
3967.884465600942,287115.4530356135,0.0,93.21779842007254,287115.4530356135
3963.918762599146,277852.1119302891,0.0,90.21026867995297,277852.1119302891
3959.9570231200883,278033.97010853654,0.0,90.26931259006538,278033.97010853654
3955.999243202423,278173.01489978575,0.0,90.31445627420007,278173.01489978575
3952.045418888768,278324.3029066901,0.0,90.363574964197,278324.3029066901
3948.0955462256925,279318.5090772189,0.0,90.6863639656683,279318.5090772189
3944.149621263719,279458.19626636774,0.0,90.7317162171834,279458.19626636774
3940.207640057316,279597.1541907307,0.0,90.7768316982388,279597.1541907307
3936.2695986648973,279736.98073027964,0.0,90.82222919266007,279736.98073027964
3932.3354931488143,279876.8748208298,0.0,90.86764861887063,279876.8748208298
3928.405319575354,280010.62638736423,0.0,90.91107375128952,280010.62638736423
3924.4790740147373,280160.9162748298,0.0,90.95986838176384,280160.9162748298
3920.556752541109,283312.83698420087,0.0,91.98320274505134,283312.83698420087
3916.6383512325397,283454.5277084827,0.0,92.02920548448753,283454.5277084827
3912.7238661710203,283586.0113547123,0.0,92.07189429102922,283586.0113547123
3908.8132934424557,283727.82674420683,0.0,92.11793750553055,283727.82674420683
3904.906629136666,283927.5233237153,0.0,92.18277301088905,283927.5233237153
3901.0038693473757,286754.1349769875,0.0,93.10048925541967,286754.1349769875
3897.105010172215,286945.6470051284,0.0,93.16266748179346,286945.6470051284
3893.2100477127137,287148.23650480225,0.0,93.22844223178673,287148.23650480225
3889.3189780743005,287367.5181463824,0.0,93.29963642090446,287367.5181463824
3885.4317973662914,287452.4330534225,0.0,93.3272057509549,287452.4330534225
3881.5485017018973,287597.0632016535,0.0,93.37416283341327,287597.0632016535
3877.669087198208,287740.8904958758,0.0,93.42085925319272,287740.8904958758
3873.793549976199,287884.79620123433,0.0,93.46758113072241,287884.79620123433
3869.9218861607173,288028.7673906939,0.0,93.51432426898072,288028.7673906939
3866.0540918804886,288172.83525728155,0.0,93.56109879541037,288172.83525728155
3862.1901632681033,288317.04731949366,0.0,93.60792013784562,288317.04731949366
3858.33009646002,512967.8116379712,0.0,166.54530278912878,512967.8116379712
3854.473887596557,513224.3468456182,0.0,166.6285920966922,513224.3468456182
3850.6215328218905,512158.92524455686,0.0,166.28268157536678,512158.92524455686
3846.7730282840503,512415.0559280472,0.0,166.36583954603805,512415.0559280472
3842.928370134917,512671.31470272195,0.0,166.44903910408496,512671.31470272195
3839.087554530216,288105.94981819263,0.0,93.53938309424449,288105.94981819263
3835.250577629517,288250.0316066239,0.0,93.58616214068029,288250.0316066239
3831.417435596224,288394.18545026117,0.0,93.63296458128592,288394.18545026117
3827.58812459758,288538.4373349401,0.0,93.67979885288484,288538.4373349401
3823.762640804656,288687.7432868899,0.0,93.72827402893205,288687.7432868899
3819.940980392349,297726.042489217,0.0,96.66273939537236,297726.042489217
3816.123139539383,297801.39359692804,0.0,96.68720364588577,297801.39359692804
3812.309114428296,297950.76796154847,0.0,96.73570103348054,297950.76796154847
3808.498901245446,298099.77314355486,0.0,96.78407855852477,298099.77314355486
3804.6924961809987,298248.8528430337,0.0,96.83248027716309,298248.8528430337
3800.8898954289307,363473.79046791693,0.0,118.00906629228083,363473.79046791693
3797.091095187021,365369.69385856896,0.0,118.62460940647127,365369.69385856896
3793.296091656848,365552.4152462253,0.0,118.68393357485544,365552.4152462253
3789.5048810437884,365735.2280127185,0.0,118.7432874112143,365735.2280127185
3785.7174595570086,366019.97361940047,0.0,118.83573579141832,366019.97361940047
3781.9338234094675,367876.26655622234,0.0,119.4384185762136,367876.26655622234
3778.153968817907,368060.2414807354,0.0,119.49814973051508,368060.2414807354
3774.3778920028476,368416.80696259585,0.0,119.61391587566749,368416.80696259585
3770.605589188593,368499.0069194893,0.0,119.64060374262421,368499.0069194893
3766.837056603215,368683.29327663,0.0,119.70043600978323,368683.29327663
3763.072290478558,368867.67179522774,0.0,119.76029819901031,368867.67179522774
3759.3112870502337,369066.668220896,0.0,119.82490638536228,369066.668220896
3755.554042557612,375206.2441354487,0.0,121.81824301679926,375206.2441354487
3751.800553243824,375275.88122481015,0.0,121.84085209649183,375275.88122481015
3748.0508153557575,375463.5566967532,0.0,121.90178470784038,375463.5566967532
3744.3048251440473,375651.326025179,0.0,121.96274779158112,375651.326025179
3740.5625788630778,382932.6275736127,0.0,124.3267685811325,382932.6275736127
3736.8240727709767,383131.1631883864,0.0,124.39122715597237,383131.1631883864
3733.0893031296127,384416.01051655685,0.0,124.80837864667637,384416.01051655685
3729.358266204587,384608.25696729944,0.0,124.87079531809836,384608.25696729944
3725.6309582652375,387295.3427349972,0.0,125.74321168155905,387295.3427349972
3721.9073755846266,387489.0291397299,0.0,125.80609586296477,387489.0291397299
3718.1875144395453,387682.8124070312,0.0,125.86901149274884,387682.8124070312
3714.4713711105037,387829.7970884043,0.0,125.9167330216816,387829.7970884043
3710.75894188173,388318.1885740595,0.0,126.07529912663534,388318.1885740595
3707.050223041165,388512.3865040164,0.0,126.13834938497888,388512.3865040164
3703.345210880461,388785.95792014187,0.0,126.22716983978982,388785.95792014187
3699.6439016949753,395028.5697702049,0.0,128.25395915712326,395028.5697702049
3695.9462917837695,395226.1235620149,0.0,128.31809896341846,395226.1235620149
3692.252377449603,395423.77615007403,0.0,128.38227084590025,395423.77615007403
3688.562154998929,395632.9431138704,0.0,128.45018110172646,395632.9431138704
3684.875620741896,395830.7991526778,0.0,128.5144190385799,395830.7991526778
3681.192770992337,396924.5529147131,0.0,128.8695281650049,396924.5529147131
3677.5136020677696,395905.8524168726,0.0,128.5387865882137,395905.8524168726
3673.8381102893927,395319.5893639918,0.0,128.34844451325125,395319.5893639918
3670.166291982083,395517.2886946463,0.0,128.41263157165542,395517.2886946463
3666.498143474388,396017.461560368,0.0,128.57502273827177,396017.461560368
3662.8336610985248,396215.5440577139,0.0,128.63933419943803,396215.5440577139
3659.1728411903787,396413.69145536143,0.0,128.70366673179072,396413.69145536143
3655.5156800894956,394857.9400909956,0.0,128.19856080474324,394857.9400909956
3651.862174139078,395055.40855106316,0.0,128.26267290637443,395055.40855106316
3648.212319685986,395340.9274654787,0.0,128.3553723564657,395340.9274654787
3644.5661130807302,395546.06800257677,0.0,128.42197535199523,395546.06800257677
3640.9235506774694,391337.98843050085,0.0,127.05573780142792,391337.98843050085
3637.284628834002,391533.93788040575,0.0,127.11935672590111,391533.93788040575
3633.6493439117717,391795.5030885132,0.0,127.20427912413945,391795.5030885132
3630.017692275856,391991.53025250824,0.0,127.26792328005284,391991.53025250824
3626.3896702949664,361395.20643098385,0.0,117.33421223721201,361395.20643098385
3622.7652743414446,361572.7788961288,0.0,117.39186470448895,361572.7788961288
3619.144500791255,361753.5448944283,0.0,117.45055401644525,361753.5448944283
3615.5273460239864,362089.1255431776,0.0,117.55950701405668,362089.1255431776
3611.913806422846,362267.60604485497,0.0,117.61745429363138,362267.60604485497
3608.3038783746533,362448.77607829304,0.0,117.67627478371031,362448.77607829304
3604.6975582698433,362629.34602569765,0.0,117.734900443806,362629.34602569765
3601.094842502455,361013.68139095383,0.0,117.2103424701977,361013.68139095383
3597.4957274701333,362478.99237874604,0.0,117.68608511253396,362478.99237874604
3593.9002095741216,362660.2681264485,0.0,117.74493992487204,362660.2681264485
3590.308285219262,362980.298778962,0.0,117.84884430389042,362980.298778962
3586.7199508139884,363010.9887961591,0.0,117.85880843436944,363010.9887961591
3583.135202770326,363192.5305953739,0.0,117.91774962567453,363192.5305953739
3579.554037503884,363335.4487887896,0.0,117.96415088761823,363335.4487887896
3575.9764514338553,363517.1528503399,0.0,118.0231447606495,363517.1528503399
3572.402440983011,363524.66652338684,0.0,118.02558422551313,363524.66652338684
3568.832002577697,363706.465212719,0.0,118.08460882135437,363706.465212719
3565.265132647834,357785.3070912605,0.0,116.16218591327414,357785.3070912605
3561.701827626906,358201.83361716,0.0,116.29741961566597,358201.83361716
3558.1420839519647,354633.59667430376,0.0,115.13891982564259,354633.59667430376
3554.5858980636226,354806.1672228387,0.0,115.1949483202307,354806.1672228387
3551.0332664060484,354982.64836068597,0.0,115.25224646618159,354982.64836068597
3547.484185426966,355072.1438640775,0.0,115.28130297883688,355072.1438640775
3543.938651577648,355259.35343246657,0.0,115.34208432523914,355259.35343246657
3540.396661312916,355271.6340880701,0.0,115.34607148673258,355271.6340880701
3536.8582110911334,355449.3055905126,0.0,115.40375610845727,355449.3055905126
3533.323297374203,355627.0657916149,0.0,115.46146952798337,355627.0657916149
3529.7919166275638,354140.88196424197,0.0,114.97895009905511,354140.88196424197
3526.264065320189,354373.8190760265,0.0,115.05457781083902,354373.8190760265
3522.7397399245788,358644.221530695,0.0,116.44104973696865,358644.221530695
3519.2189369167613,359190.1820738858,0.0,116.61830679270143,359190.1820738858
3515.701652776283,359400.98561106884,0.0,116.68674839494751,359400.98561106884
3512.187883986213,355819.87861101096,0.0,115.52407008236398,355819.87861101096
3508.6776270331334,358467.7717782556,0.0,116.38376178092079,358467.7717782556
3505.1708784071366,358451.71620883106,0.0,116.37854901783783,358451.71620883106
3501.667634601826,314807.2351279694,0.0,102.20849165405049,314807.2351279694
3498.1678921143075,314965.6715207777,0.0,102.25993121110344,314965.6715207777
3494.671647445187,315158.6609249075,0.0,102.32258909726447,315158.6609249075
3491.1788970985704,315332.9405408854,0.0,102.37917247492383,315332.9405408854
3487.6896375820565,315973.3961685571,0.0,102.58710925772702,315973.3961685571
3484.2038654067323,316131.41446721996,0.0,102.63841307211841,316131.41446721996
3480.7215770871767,316289.5117907181,0.0,102.68974254350975,316289.5117907181
3477.242769141447,316447.6881787087,0.0,102.74109768477653,316447.6881787087
3473.7674380910835,316630.2755294799,0.0,102.80037833539389,316630.2755294799
3470.295580461104,316682.89848943864,0.0,102.81746343625431,316682.89848943864
3466.8271927799956,316841.27161012386,0.0,102.86888245074171,316841.27161012386
3463.362271579718,307517.17797456094,0.0,99.84162818149143,307517.17797456094
3459.9008133956954,307670.5828584758,0.0,99.8914341581264,307670.5828584758
3456.4428147668164,307823.44160299865,0.0,99.94106281963877,307823.44160299865
3452.988272235428,307882.9734175782,0.0,99.96039101891327,307882.9734175782
3449.5371823473324,226714.63210616924,0.0,73.60745878046616,226714.63210616924
3446.089541651784,226828.0120959977,0.0,73.64426987135296,226828.0120959977
3442.6453467014867,226772.22260729532,0.0,73.62615669333752,226772.22260729532
3439.204594052591,226920.4652878505,0.0,73.6742866569711,226920.4652878505
3435.7672802646853,227046.78015127132,0.0,73.71529731436111,227046.78015127132
3432.3334019008025,227158.57474072961,0.0,73.75159367317565,227158.57474072961
3428.9029555274055,227261.09850638968,0.0,73.78488007284352,227261.09850638968
3425.47593771439,227374.7517841045,0.0,73.8217798921315,227374.7517841045
3422.052345035082,227492.02100200087,0.0,73.85985369902404,227492.02100200087
3418.6321740662297,228134.45980969307,0.0,74.06843436105221,228134.45980969307
3415.2154213880053,207094.54588195126,0.0,67.23740372666613,207094.54588195126
3411.802083583996,206849.6227244395,0.0,67.15788450440223,206849.6227244395
3408.392157241206,207126.17808447455,0.0,67.24767375653468,207126.17808447455
3404.985638950049,207158.3700969859,0.0,67.25812553995941,207158.3700969859
3401.582525304347,207122.50773379343,0.0,67.24648210346862,207122.50773379343
3398.182812901327,207209.2956503701,0.0,67.27465954368373,207209.2956503701
3394.786498341616,207312.86041523382,0.0,67.30828392465109,207312.86041523382
3391.3935782292383,207142.53125834287,0.0,67.2529831428776,207142.53125834287
3388.004049171613,207239.0228315207,0.0,67.28431107010209,207239.0228315207
3384.6179077795505,207535.64641492142,0.0,67.38061587401195,207535.64641492142
3381.2351506672467,220443.402509273,0.0,71.57137813684801,220443.402509273
3377.8557744522827,220553.6462195452,0.0,71.60717097158603,220553.6462195452
3374.47977575562,221003.5798141614,0.0,71.75325094980354,221003.5798141614
3371.1071512015965,221034.87371324198,0.0,71.76341114266474,221034.87371324198
3367.737897417926,221639.11832614723,0.0,71.95959129224111,221639.11832614723
3364.3720110356903,221749.9600513172,0.0,71.99557828452657,221749.9600513172
3361.00948868934,221852.4349062169,0.0,72.02884880433373,221852.4349062169
3357.650327016688,220633.51959870468,0.0,71.63310346835308,220633.51959870468
3354.2945226589086,220743.85842398822,0.0,71.66892718408988,220743.85842398822
3350.9420722605323,220694.9893585928,0.0,71.65306086049482,220694.9893585928
3347.5929724694442,220805.35892503907,0.0,71.68889455696751,220805.35892503907
3344.2472199368785,220953.21685329973,0.0,71.7368996030411,220953.21685329973
3340.904811317418,221063.71555927824,0.0,71.77277522725664,221063.71555927824
3337.565743268987,221230.8946416682,0.0,71.82705327407548,221230.8946416682
3334.2300124528515,221347.44656959636,0.0,71.86489419837339,221347.44656959636
3330.897615533613,221443.3686464742,0.0,71.896037227186,221443.3686464742
3327.568549179209,221548.14105196332,0.0,71.93005369293735,221548.14105196332
3324.242810060905,221658.9372794916,0.0,71.96602591349964,221658.9372794916
3320.920394853294,221785.47815013453,0.0,72.00710994867356,221785.47815013453
3317.6013002342934,221896.3930698643,0.0,72.04312070504294,221896.3930698643
3314.2855228851395,221998.940113944,0.0,72.07641466251728,221998.940113944
3310.9730594903863,223066.8559012322,0.0,72.4231349714959,223066.8559012322
3307.663906737902,223178.41163801818,0.0,72.45935378199312,223178.41163801818
3304.3580613188633,223290.02316391896,0.0,72.49559070554695,223290.02316391896
3301.055519927756,274548.77899098286,0.0,89.13777529516663,274548.77899098286
3297.756279262368,274401.5995839663,0.0,89.08999054464276,274401.5995839663
3294.460336023789,274544.5356555535,0.0,89.1363976110939,274544.5356555535
3291.1676869164044,274670.81551638996,0.0,89.17739690419188,274670.81551638996
3287.878328647895,274808.17839409725,0.0,89.22199452131467,274808.17839409725
3284.59225792923,274945.6099667261,0.0,89.26661444162346,274945.6099667261
3281.3094714746676,275083.1102691408,0.0,89.31125667643762,275083.1102691408
3278.029966001749,275334.4895522961,0.0,89.39287200956025,275334.4895522961
3274.753738231296,275554.35380930104,0.0,89.46425535647722,275554.35380930104
3271.4807848874093,275575.5474810768,0.0,89.47113630768513,275575.5474810768
3268.2111026974626,275668.3419941452,0.0,89.5012639100912,275668.3419941452
3264.944688392099,275723.9109181603,0.0,89.51930547735097,275723.9109181603
3261.681538705231,275861.80044869496,0.0,89.56407408289176,275861.80044869496
3258.4216503740363,275999.7589379166,0.0,89.6088650772553,275999.7589379166
3255.1650201389507,276195.17893130006,0.0,89.6723121030349,276195.17893130006
3251.911644743669,281837.5286918756,0.0,91.50421427700682,281837.5286918756
3248.661520935142,281171.5153489412,0.0,91.28797966862774,281171.5153489412
3245.4146454635707,281313.58620203636,0.0,91.33410582451789,281313.58620203636
3242.1710150824033,234804.59654540115,0.0,76.23402821916625,234804.59654540115
3238.9306265483333,234922.02232650848,0.0,76.27215285744974,234922.02232650848
3235.693476621297,235039.506832124,0.0,76.31029656182427,235039.506832124
3232.459562064467,235157.0500919263,0.0,76.34845934192559,235157.0500919263
3229.228879644252,235361.84589563854,0.0,76.4149504128376,235361.84589563854
3226.0014261302927,235470.20441604705,0.0,76.45013118282313,235470.20441604705
3222.777198295457,235573.03532885667,0.0,76.48351730398203,235573.03532885667
3219.5561929158407,236776.149298599,0.0,76.87413241829252,236776.149298599
3216.338406770759,236866.06777597114,0.0,76.90332625794585,236866.06777597114
3213.1238366427474,237386.61749354258,0.0,77.07233317877565,237386.61749354258
3209.9124793175574,237505.3345433049,0.0,77.11087705336256,237505.3345433049
3206.704331584153,237232.1812297394,0.0,77.02219234394511,237232.1812297394
3203.499390234706,237256.3658896291,0.0,77.03004437951692,237256.3658896291
3200.2976520645952,221518.09905629698,0.0,71.92029995566354,221518.09905629698
3197.0991138724025,221266.04005892354,0.0,71.83846393966823,221266.04005892354
3193.90377245991,220970.57722499326,0.0,71.7425359963871,220970.57722499326
3190.7116246320948,221081.0846128825,0.0,71.77841443935934,221081.0846128825
3187.5226671971286,221191.6472655798,0.0,71.8143108251615,221191.6472655798
3184.3368969663716,221974.06748323637,0.0,72.06833926340181,221974.06748323637
3181.154310754372,222084.83195982908,0.0,72.10430117538516,222084.83195982908
3177.9749053788623,222195.89658649033,0.0,72.14036053711663,222195.89658649033
3174.798677660754,221927.05896505414,0.0,72.05307700382781,221927.05896505414
3171.625624424138,221537.71227691008,0.0,71.9266677816588,221537.71227691008
3168.4557424962763,221647.5415225102,0.0,71.96232605211668,221647.5415225102
3165.289028707605,221555.54111020837,0.0,71.93245627047364,221555.54111020837
3162.1254798917266,221786.7372659847,0.0,72.00751874592312,221786.7372659847
3158.965092885407,221860.91618134128,0.0,72.03160242064568,221860.91618134128
3155.807864528577,221852.64964320694,0.0,72.02891852301046,221852.64964320694
3152.653791664322,226694.08397422096,0.0,73.60078741672864,226694.08397422096
3149.502871138885,226807.45368789762,0.0,73.63759517125636,226807.45368789762
3146.35509980166,226920.88009783873,0.0,73.67442133336506,226920.88009783873
3143.2104745051906,227033.0811779268,0.0,73.71084966752674,227033.0811779268
3140.0689921051653,227148.6049585729,0.0,73.74835678315962,227148.6049585729
3136.930649460415,227242.31292825687,0.0,73.77878095760234,227242.31292825687
3133.7954434329113,227349.5971336337,0.0,73.81361292963568,227349.5971336337
3130.663370887762,227463.30896796152,0.0,73.85053176050415,227463.30896796152
3127.5344286932063,231175.04683765702,0.0,75.05562200858114,231175.04683765702
3124.408613720615,231290.6574809664,0.0,75.09315732592225,231290.6574809664
3121.2859228444863,227185.12158761595,0.0,73.76021264019946,227185.12158761595
3118.16635294244,227298.24605799347,0.0,73.79694077156451,227298.24605799347
3115.049900895218,221001.15390005647,0.0,71.75246332806591,221001.15390005647
3111.93656358668,221111.70778254315,0.0,71.78835686644304,221111.70778254315
3108.8263379038003,221222.28574991424,0.0,71.82425822446163,221222.28574991424
3105.719220736663,221314.8792115901,0.0,71.85432055149509,221314.8792115901
3102.615208978462,220220.53633522196,0.0,71.4990201572698,220220.53633522196
3099.5142995254955,220055.85000162342,0.0,71.44555143141189,220055.85000162342
3096.4164892771632,220196.60747842386,0.0,71.49125117330935,220196.60747842386
3093.3217751359653,220306.72780409263,0.0,71.52700394875774,220306.72780409263
3090.2301540074964,220391.60607859681,0.0,71.55456138531966,220391.60607859681
3087.1416228004446,220459.515461798,0.0,71.57660953050707,220459.515461798
3084.056178426586,220569.76726772622,0.0,71.61240499366241,220569.76726772622
3080.973817800786,218644.27675618278,0.0,70.98725582642983,218644.27675618278
3077.8945378409917,218700.03416235663,153085.43154201464,21.30309858214954,65614.60262034198
3074.8183354682296,218458.84140944976,218458.84140944976,0.0,0.0
3071.745207606606,218191.13058338183,218191.13058338183,0.0,0.0
3068.6751511833,218082.0677391063,218082.0677391063,0.0,0.0
3065.608163128561,217971.86247415276,217971.86247415276,0.0,0.0
3062.5442403757074,217863.0603363976,217863.0603363976,0.0,0.0
3059.4833798611235,217754.16206188788,217754.16206188788,0.0,0.0
3056.425578524254,217614.6315789708,217614.6315789708,0.0,0.0
3053.3708333076033,217541.15935108307,217541.15935108307,0.0,0.0
3050.319141156731,159088.1559548994,159088.1559548994,0.0,0.0
3047.2704990202496,167512.88658460276,167512.88658460276,0.0,0.0
3044.2249038498226,155322.88732451593,155322.88732451593,0.0,0.0
3041.182352600158,155245.2491738889,155245.2491738889,0.0,0.0
3038.1428422290096,156125.49455984155,156125.49455984155,0.0,0.0
3035.10636969717,156047.45522598602,156047.45522598602,0.0,0.0
3032.07293196847,153590.41421895695,153590.41421895695,0.0,0.0
3029.0425260097754,153725.55983723054,153725.55983723054,0.0,0.0
3026.0151487909825,153648.72011077125,153648.72011077125,0.0,0.0
3022.990797285017,153571.91879265485,153571.91879265485,0.0,0.0
3019.969468467829,153493.67420562677,153493.67420562677,0.0,0.0
3016.951159318391,153416.9503872237,153416.9503872237,0.0,0.0
3013.935866818697,153340.26669089127,153340.26669089127,0.0,0.0
3010.9235879537555,153264.5103311132,153264.5103311132,0.0,0.0
3007.9143197115873,153187.90106029419,153187.90106029419,0.0,0.0
3004.9080590832255,153081.50735541628,153081.50735541628,0.0,0.0
3001.9048030627105,81532.35954264799,81532.35954264799,0.0,0.0
2998.9045486470845,90888.735831514,90888.735831514,0.0,0.0
2995.9072928363953,90762.28481701422,90762.28481701422,0.0,0.0
2992.913032633685,89937.99888608286,89937.99888608286,0.0,0.0
2989.9217650449928,89893.04337415648,89893.04337415648,0.0,0.0
2986.93348707935,89848.11033330753,89848.11033330753,0.0,0.0
2983.9481957487765,89130.55494819347,89130.55494819347,0.0,0.0
2980.96588806828,89086.0030371399,89086.0030371399,0.0,0.0
2977.9865610558513,89041.47339542859,89041.47339542859,0.0,0.0
2975.0102117324604,88967.1604072643,88967.1604072643,0.0,0.0
2972.036837122055,88922.6901690065,88922.6901690065,0.0,0.0
2969.066434251559,88884.80794617129,88884.80794617129,0.0,0.0
2966.0990001508635,88676.57727886843,88676.57727886843,0.0,0.0
2963.1345318528333,88223.776935524,88223.776935524,0.0,0.0
2960.1730263932955,88187.61581562556,88187.61581562556,0.0,0.0
2957.2144808110406,88143.53523275995,88143.53523275995,0.0,0.0
2954.258892147818,88091.54707869052,88091.54707869052,0.0,0.0
2951.3062574483356,88026.95797556736,88026.95797556736,0.0,0.0
2948.356573760253,82722.00265734493,82722.00265734493,0.0,0.0
2945.409838134181,82680.65406141385,82680.65406141385,0.0,0.0
2942.466047623678,82524.70643356603,82524.70643356603,0.0,0.0
2939.5251992852486,82483.45645616652,82483.45645616652,0.0,0.0
2936.587290178338,82442.27999276096,82442.27999276096,0.0,0.0
2933.6523173653304,82401.02383486732,82401.02383486732,0.0,0.0
2930.7202779115464,92362.82977897028,92362.82977897028,0.0,0.0
2927.7911688852387,89408.94175722328,89408.94175722328,0.0,0.0
2924.864987357592,89015.31344095035,89015.31344095035,0.0,0.0
2921.941730402717,88967.09731151907,88967.09731151907,0.0,0.0
2919.0213950976477,88929.7851844998,88929.7851844998,0.0,0.0
2916.1039785223415,88737.77029296749,88737.77029296749,0.0,0.0
2913.189477759673,88693.41471540091,88693.41471540091,0.0,0.0
2910.277889895433,86034.037887973,86034.037887973,0.0,0.0
2907.3692120183246,85991.03377115172,85991.03377115172,0.0,0.0
2904.46344121996,85933.81891795769,85933.81891795769,0.0,0.0
2901.5605745948583,85890.86489554745,85890.86489554745,0.0,0.0
2898.660609240444,87666.38293625078,87666.38293625078,0.0,0.0
2895.763542257041,87622.56289168334,87622.56289168334,0.0,0.0
2892.8693707478715,87578.76475054763,87578.76475054763,0.0,0.0
2889.9780918190527,87534.98850192297,87534.98850192297,0.0,0.0
2887.0897025795966,87483.73246042813,87483.73246042813,0.0,0.0
2884.2042001414,87440.00371370694,87440.00371370694,0.0,0.0
2881.32158161925,87396.24442970747,87396.24442970747,0.0,0.0
2878.441844130816,87352.55941386809,87352.55941386809,0.0,0.0
2875.564984796649,87308.89623398197,87308.89623398197,0.0,0.0
2872.6910007401752,74472.63351714946,74472.63351714946,0.0,0.0
2869.819889087699,63264.31715214115,63264.31715214115,0.0,0.0
2866.951646968396,63232.694480973274,63232.694480973274,0.0,0.0
2864.0862715143094,63201.087616456214,63201.087616456214,0.0,0.0
2861.22375986035,63171.318015594865,63171.318015594865,0.0,0.0
2858.3641091442933,62871.46942700876,62871.46942700876,0.0,0.0
2855.507316506774,62840.04312081345,62840.04312081345,0.0,0.0
2852.653379091284,62801.1936713502,62801.1936713502,0.0,0.0
2849.8022940441715,62260.78483249505,62260.78483249505,0.0,0.0
2846.9540585146365,62229.6637770195,62229.6637770195,0.0,0.0
2844.1086696547277,62226.99936411131,62226.99936411131,0.0,0.0
2841.266124619341,62167.468325859125,62167.468325859125,0.0,0.0
2838.4264205662157,62130.479958372576,62130.479958372576,0.0,0.0
2835.5895546559295,62100.26308328127,62100.26308328127,0.0,0.0
2832.7555240519023,62066.79722769192,62066.79722769192,0.0,0.0
2829.924325920385,62035.77313653579,62035.77313653579,0.0,0.0
2827.0959574304634,62004.76455316779,62004.76455316779,0.0,0.0
2824.2704157540506,61973.77146945476,61973.77146945476,0.0,0.0
2821.4476980658874,61892.98594318095,61892.98594318095,0.0,0.0
2818.6278015435396,61862.048732008916,61862.048732008916,0.0,0.0
2815.81072336739,61831.131799600014,61831.131799600014,0.0,0.0
2812.9964607206443,61827.22035208428,61827.22035208428,0.0,0.0
2810.1850107893188,61852.32225963812,61852.32225963812,0.0,0.0
2807.376370762246,60050.372681902605,60050.372681902605,0.0,0.0
2804.570537831066,60046.161684445025,60046.161684445025,0.0,0.0
2801.767509190226,59992.10641565123,59992.10641565123,0.0,0.0
2798.9672820369774,56107.91833668617,56107.91833668617,0.0,0.0
2796.169853571373,55935.94236873398,55935.94236873398,0.0,0.0
2793.3752209962636,55934.977893294374,55934.977893294374,0.0,0.0
2790.5833815172964,55907.298975364094,55907.298975364094,0.0,0.0
2787.794332342911,55888.517357368975,55888.517357368975,0.0,0.0
2785.0080706843355,55861.34577329914,55861.34577329914,0.0,0.0
2782.2245937555876,55664.83678523524,55664.83678523524,0.0,0.0
2779.4438987734684,55637.01271461278,55637.01271461278,0.0,0.0
2776.6659829575606,55609.20255187089,55609.20255187089,0.0,0.0
2773.8908435302255,55581.406290040555,55581.406290040555,0.0,0.0
2771.1184777166022,55475.21642395749,55475.21642395749,0.0,0.0
2768.3488827446004,55448.28763574788,55448.28763574788,0.0,0.0
2765.582055844903,55417.09300067869,55417.09300067869,0.0,0.0
2762.8179942509587,55388.1857972869,55388.1857972869,0.0,0.0
2760.0566951989827,55360.50001067714,55360.50001067714,0.0,0.0
2757.298155927951,55332.828062825654,55332.828062825654,0.0,0.0
2754.542373679601,55277.572806178105,55277.572806178105,0.0,0.0
2751.7893456984248,55175.529916610496,55175.529916610496,0.0,0.0
2749.0390692316696,54352.70806826751,54352.70806826751,0.0,0.0
2746.291541529334,54325.539865255705,54325.539865255705,0.0,0.0
2743.546759844165,54299.92216569876,54299.92216569876,0.0,0.0
2740.8047214316553,54306.4377880936,54306.4377880936,0.0,0.0
2738.065423550039,54279.69701033787,54279.69701033787,0.0,0.0
2735.3288634602936,54252.56530189607,54252.56530189607,0.0,0.0
2732.595038426132,54237.68140086699,54237.68140086699,0.0,0.0
2729.8639457140016,54215.29564849925,54215.29564849925,0.0,0.0
2727.135582593083,54188.19613107613,54188.19613107613,0.0,0.0
2724.4099463352854,54160.31037619553,54160.31037619553,0.0,0.0
2721.6870342152456,54136.0522870854,54136.0522870854,0.0,0.0
2718.966843510323,54108.68874975521,54108.68874975521,0.0,0.0
2716.2493715005985,54081.64251978365,54081.64251978365,0.0,0.0
2713.534615468872,54055.19822420252,54055.19822420252,0.0,0.0
2710.822572700658,54028.178731481654,54028.178731481654,0.0,0.0
2708.1132404841856,54020.61139820096,54020.61139820096,0.0,0.0
2705.406616110393,53993.609193717064,53993.609193717064,0.0,0.0
2702.702696872925,53966.62048626045,53966.62048626045,0.0,0.0
2700.0014800681347,32565.465216403467,32565.465216403467,0.0,0.0
2697.3029629950734,32562.912890441792,32562.912890441792,0.0,0.0
2694.6071429554945,32547.244435759494,32547.244435759494,0.0,0.0
2691.914017253847,32528.454007268327,32528.454007268327,0.0,0.0
2689.223583197274,32511.981865387563,32511.981865387563,0.0,0.0
2686.5358380956113,32495.7307501059,32495.7307501059,0.0,0.0
2683.850779261381,32477.40314070538,32477.40314070538,0.0,0.0
2681.168404009793,32347.522939555973,32347.522939555973,0.0,0.0
2678.4887096587404,32340.13836204233,32340.13836204233,0.0,0.0
2675.8116935287962,32432.996812585436,32432.996812585436,0.0,0.0
2673.1373529432117,32434.068647574506,32434.068647574506,0.0,0.0
2670.465685227914,32418.2684829668,32418.2684829668,0.0,0.0
2667.7966877115014,31963.84293485985,31963.84293485985,0.0,0.0
2665.130357725244,32421.02338568921,32421.02338568921,0.0,0.0
2662.4666926030773,32404.305078676363,32404.305078676363,0.0,0.0
2659.805689681604,32389.01286774374,32389.01286774374,0.0,0.0
2657.1473463000843,32372.82321852755,32372.82321852755,0.0,0.0
2654.4916598004424,32356.54398064864,32356.54398064864,0.0,0.0
2651.838627527257,32339.617425045042,32339.617425045042,0.0,0.0
2649.18824682776,31853.19641178504,31853.19641178504,0.0,0.0
2646.5405150518363,31837.27459042073,31837.27459042073,0.0,0.0
2643.895429552018,31821.36072762002,31821.36072762002,0.0,0.0
2641.2529876834847,31805.468678770976,31805.468678770976,0.0,0.0
2638.6131868040584,31789.55686163582,31789.55686163582,0.0,0.0
2635.976024274201,31773.666850522826,31773.666850522826,0.0,0.0
2633.3414974570137,31758.492975680103,31758.492975680103,0.0,0.0
2630.709603718234,31753.223264980108,31753.223264980108,0.0,0.0
2628.08034042623,31735.36204930774,31735.36204930774,0.0,0.0
2625.4537049520013,31719.49912747986,31719.49912747986,0.0,0.0
2622.8296946691753,31703.644134730075,31703.644134730075,0.0,0.0
2620.2083069540035,31687.797002523334,31687.797002523334,0.0,0.0
2617.5895391853596,31672.094833597672,31672.094833597672,0.0,0.0
2614.9733887447383,31656.263535885962,31656.263535885962,0.0,0.0
2612.359853016251,31640.440151458144,31640.440151458144,0.0,0.0
2609.7489293866215,31624.47750014521,31624.47750014521,0.0,0.0
2607.140615245188,31510.818206384174,31510.818206384174,0.0,0.0
2604.534907983897,31497.374472718453,31497.374472718453,0.0,0.0
2601.9318049973012,31468.2507553072,31468.2507553072,0.0,0.0
2599.331303682558,30716.589367814897,30716.589367814897,0.0,0.0
2596.733401439426,30699.79692455467,30699.79692455467,0.0,0.0
2594.1380956702615,30684.45162998513,30684.45162998513,0.0,0.0
2591.5453837800196,30669.114005760912,30669.114005760912,0.0,0.0
2588.9552631762463,87394.15260538904,87394.15260538904,0.0,0.0
2586.3677312690793,30702.80315504039,30702.80315504039,0.0,0.0
2583.7827854712473,30624.315649302822,30624.315649302822,0.0,0.0
2581.2004231980604,30609.008084069676,30609.008084069676,0.0,0.0
2578.620641867416,30593.708170301583,30593.708170301583,0.0,0.0
2576.043438899789,30587.52207684445,30587.52207684445,0.0,0.0
2573.4688117182363,30572.23290286578,30572.23290286578,0.0,0.0
2570.8967577483854,30498.146365629113,30498.146365629113,0.0,0.0
2568.3272744184405,30482.90186609182,30482.90186609182,0.0,0.0
2565.760359159175,30467.66498654015,30467.66498654015,0.0,0.0
2563.1960094039296,30428.724364843478,30428.724364843478,0.0,0.0
2560.6342225886115,30413.51456590603,30413.51456590603,0.0,0.0
2558.074996151689,30388.409565759317,30388.409565759317,0.0,0.0
2555.518327534192,30372.91077962285,30372.91077962285,0.0,0.0
2552.9642141797067,30359.669299848738,30359.669299848738,0.0,0.0
2550.4126535343753,30343.918952564996,30343.918952564996,0.0,0.0
2547.8636430468923,30328.751543596343,30328.751543596343,0.0,0.0
2545.317180168501,30319.525168841086,30319.525168841086,0.0,0.0
2542.773262352994,28085.507439273766,28085.507439273766,0.0,0.0
2540.231887056708,28071.49415451784,28071.49415451784,0.0,0.0
2537.69305173852,28057.45979678308,28057.45979678308,0.0,0.0
2535.156753859849,28043.435274539144,28043.435274539144,0.0,0.0
2532.6229908846503,28057.664048939427,28057.664048939427,0.0,0.0
2530.091760279415,28043.639424591296,28043.639424591296,0.0,0.0
2527.5630595131647,28006.153752605547,28006.153752605547,0.0,0.0
2525.0368860574513,27979.780023355434,27979.780023355434,0.0,0.0
2522.513237386354,27965.79432932977,27965.79432932977,0.0,0.0
2519.992110976476,27960.525749180793,27960.525749180793,0.0,0.0
2517.4735043069427,27936.0505163322,27936.0505163322,0.0,0.0
2514.9574148593993,27922.391502897124,27922.391502897124,0.0,0.0
2512.4438401180073,27915.923124949968,27915.923124949968,0.0,0.0
2509.9327775694437,27919.698302671186,27919.698302671186,0.0,0.0
2507.4242247028965,27317.07137168186,27317.07137168186,0.0,0.0
2504.918179010063,27300.98573758003,27300.98573758003,0.0,0.0
2502.414637985149,27192.20955768429,27192.20955768429,0.0,0.0
2499.9135991248627,22171.64028361336,22171.64028361336,0.0,0.0
2497.4150599284153,22158.736924782905,22158.736924782905,0.0,0.0
2494.9190178975173,22934.096573327137,22934.096573327137,0.0,0.0
2492.425470536376,22922.632964357435,22922.632964357435,0.0,0.0
2489.934415351693,22521.95141859601,22521.95141859601,0.0,0.0
2487.4458498526624,22400.54459813282,22400.54459813282,0.0,0.0
2484.959771550967,22389.347685118366,22389.347685118366,0.0,0.0
2482.4761779607775,22467.2102532028,22467.2102532028,0.0,0.0
2479.9950665987476,22455.082984398876,22455.082984398876,0.0,0.0
2477.5164349840143,22443.858810371923,22443.858810371923,0.0,0.0
2475.040280638193,22207.141944110386,22207.141944110386,0.0,0.0
2472.5666010853774,22221.19726232987,22221.19726232987,0.0,0.0
2470.095393852135,21567.217740398635,21567.217740398635,0.0,0.0
2467.626656467505,21517.783674975082,21517.783674975082,0.0,0.0
2465.160386462998,21507.02801005812,21507.02801005812,0.0,0.0
2462.6965813725888,21485.77526082521,21485.77526082521,0.0,0.0
2460.2352387327187,21563.12412804408,21563.12412804408,0.0,0.0
2457.776356082292,21552.34579969219,21552.34579969219,0.0,0.0
2455.3199309626707,21542.22385529683,21542.22385529683,0.0,0.0
2452.8659609176752,21531.455973937762,21531.455973937762,0.0,0.0
2450.414443493581,21602.43102990987,21602.43102990987,0.0,0.0
2447.965376239116,21591.63305400216,21591.63305400216,0.0,0.0
2445.5187567054563,21499.61556396739,21499.61556396739,0.0,0.0
2443.074582446228,21937.69696027581,21937.69696027581,0.0,0.0
2440.632851017501,21955.063824450728,21955.063824450728,0.0,0.0
2438.1935599777867,21510.111767579117,21510.111767579117,0.0,0.0
2435.756706888039,21471.03109925803,21471.03109925803,0.0,0.0
2433.3222893116476,21460.298803606438,21460.298803606438,0.0,0.0
2430.890304814438,21449.57187251486,21449.57187251486,0.0,0.0
2428.46075096467,21438.85030325944,21438.85030325944,0.0,0.0
2426.0336253330306,21428.13409319293,21428.13409319293,0.0,0.0
2423.608925492638,21435.13451999399,21435.13451999399,0.0,0.0
2421.1866490190337,21412.764605420718,21412.764605420718,0.0,0.0
2418.7667934901838,21222.70258409757,21222.70258409757,0.0,0.0
2416.3493564864743,21212.094415476386,21212.094415476386,0.0,0.0
2413.9343355907104,21201.54469048152,21201.54469048152,0.0,0.0
2411.5217283881116,21209.286316413574,21209.286316413574,0.0,0.0
2409.1115324663115,21198.684853905033,21198.684853905033,0.0,0.0
2406.703745415356,21232.24700489509,21232.24700489509,0.0,0.0
2404.298364827698,21221.63406549022,21221.63406549022,0.0,0.0
2401.8953882981978,22325.980864320594,22325.980864320594,0.0,0.0
2399.494813424118,22343.842616707418,22343.842616707418,0.0,0.0
2397.0966378051244,22653.322133713496,22653.322133713496,0.0,0.0
2394.7008590432806,22641.96339610993,22641.96339610993,0.0,0.0
2392.307474743047,22079.273482799985,22079.273482799985,0.0,0.0
2389.9164825112784,22068.237157174743,22068.237157174743,0.0,0.0
2387.5278799572216,22061.451687390974,22061.451687390974,0.0,0.0
2385.141664692513,22050.424269992483,22050.424269992483,0.0,0.0
2382.757834331176,22039.402364648227,22039.402364648227,0.0,0.0
2380.3763864896177,22120.711206471948,22120.711206471948,0.0,0.0
2377.997318786628,22109.654168212004,22109.654168212004,0.0,0.0
2375.6206288433777,22002.134953640056,22002.134953640056,0.0,0.0
2373.2463142834135,21991.137185710963,21991.137185710963,0.0,0.0
2370.874372732659,21980.144915021472,21980.144915021472,0.0,0.0
2368.504801819409,21969.58793310034,21969.58793310034,0.0,0.0
2366.137599174329,21956.17799307253,21956.17799307253,0.0,0.0
2363.772762430453,21945.203196734266,21945.203196734266,0.0,0.0
2361.4102892231813,21884.63210583162,21884.63210583162,0.0,0.0
2359.050177190276,21873.693071701342,21873.693071701342,0.0,0.0
2356.692423971861,21869.76188524929,21869.76188524929,0.0,0.0
2354.3370272104185,21858.83028400955,21858.83028400955,0.0,0.0
2351.9839845507877,21850.606371144662,21850.606371144662,0.0,0.0
2349.6332936401604,21887.315817788734,21887.315817788734,0.0,0.0
2347.2849521280805,21878.525603927177,21878.525603927177,0.0,0.0
2344.938957666441,21878.583354605747,21878.583354605747,0.0,0.0
2342.595307909483,21826.330536393096,21826.330536393096,0.0,0.0
2340.2540005137894,21814.95573041365,21814.95573041365,0.0,0.0
2337.9150331382875,21956.247870929812,21956.247870929812,0.0,0.0
2335.5784034442436,21791.674122320146,21791.674122320146,0.0,0.0
2333.244109095261,21779.67232694077,21779.67232694077,0.0,0.0
2330.9121477572794,21771.62985486642,21771.62985486642,0.0,0.0
2328.5825170985695,21760.744305669465,21760.744305669465,0.0,0.0
2326.255214789734,21751.579814469962,21751.579814469962,0.0,0.0
2323.930238503703,21740.70728654161,21740.70728654161,0.0,0.0
2321.6075859157318,21729.8401932409,21729.8401932409,0.0,0.0
2319.287254703401,23508.803143666322,23508.803143666322,0.0,0.0
2316.9692425466105,23496.957230592558,23496.957230592558,0.0,0.0
2314.6535471275797,21688.52851864319,21688.52851864319,0.0,0.0
2312.3401661308453,21677.687506902377,21677.687506902377,0.0,0.0
2310.0290972432563,21745.908676619998,21745.908676619998,0.0,0.0
2307.7203381539757,21734.08820715168,21734.08820715168,0.0,0.0
2305.413886554474,21714.550856951846,21714.550856951846,0.0,0.0
2303.1097401385314,21735.38695685513,21735.38695685513,0.0,0.0
2300.807896602231,21759.682372215946,21759.682372215946,0.0,0.0
2298.508353643959,21737.46187278779,21737.46187278779,0.0,0.0
2296.211108964402,21952.54439283259,21952.54439283259,0.0,0.0
2293.9161602665454,21941.57141274738,21941.57141274738,0.0,0.0
2291.62350525567,21702.61161032585,21702.61161032585,0.0,0.0
2289.333141639349,21676.896905558675,21676.896905558675,0.0,0.0
2287.045067127448,21666.061707879617,21666.061707879617,0.0,0.0
2284.7592794321213,21655.231926173976,21655.231926173976,0.0,0.0
2282.475776267809,21647.187901781203,21647.187901781203,0.0,0.0
