price,amount,amount_0,amount_1,amount_1_adj
5372.094788785724,6423.0406241588635,0.0,1.6148768026499662,6423.0406241588635
5366.725647467596,6426.252786840196,0.0,1.6156844025553616,6426.252786840196
5356.003458036514,6432.681932211949,0.0,1.6173008142097824,6432.681932211949
5350.650399202443,6435.898916511048,0.0,1.6181096263632606,6435.898916511048
5345.302690484199,6439.093241620865,0.0,1.6189127415577316,6439.093241620865
5339.96032653461,6442.313432214501,0.0,1.61972235983575,6442.313432214501
5334.623302011847,6445.925235832953,0.0,1.6206304372122542,6445.925235832953
5329.291611579416,6449.14884310821,0.0,1.6214409145102002,6449.14884310821
5323.96524990616,6452.374062508593,0.0,1.6222517971276236,6452.374062508593
5318.64421166625,6455.600894841057,0.0,1.6230630852674086,6455.600894841057
5308.018084209759,6462.059401531755,0.0,1.6246868789260285,6462.059401531755
5302.712984368111,6465.291077503895,0.0,1.625499384850631,6465.291077503895
5297.413186709667,6468.524369635929,0.0,1.6263122971091295,6468.524369635929
5286.829476750614,6474.995805616063,0.0,1.6279393414415044,6474.995805616063
5281.545553867351,6478.2339510849215,0.0,1.6287534739228713,6478.2339510849215
5276.266912001976,6481.4737159500555,0.0,1.6295680135518231,6481.4737159500555
5270.993545876376,6485.1700621586915,0.0,1.6304973465727661,6485.1700621586915
5265.7254502177075,6488.413295771873,0.0,1.6313127583121536,6488.413295771873
5255.205049236162,6494.904629632273,0.0,1.6329448053569733,6494.904629632273
5249.952733393934,6498.152731503794,0.0,1.6337614410707868,6498.152731503794
5228.995911868051,6511.16139086733,0.0,1.6370320699627692,6511.16139086733
5223.769790753929,6518.204767734249,0.0,1.63880291131039,6518.204767734249
5218.548892887704,6521.464522005181,0.0,1.6396224766630778,6521.464522005181
5208.122746022658,6527.988921968241,0.0,1.6412628371664704,6527.988921968241
5202.9174865987325,6531.253569292473,0.0,1.6420836327275175,6531.253569292473
5197.717429572482,6534.5198492677155,0.0,1.642904838768647,6534.5198492677155
5187.3329019200555,6541.057310435441,0.0,1.644548483111838,6541.057310435441
5182.14842091039,6544.328493261741,0.0,1.6453709218246728,6544.328493261741
5176.96912153141,6547.607503712682,0.0,1.6461953285539335,6547.607503712682
5171.794998604332,6550.881962288795,0.0,1.64701859085371,6550.881962288795
5166.626046955553,6554.158058424062,0.0,1.6478422648675712,6554.158058424062
5161.462261416635,6557.435792934536,0.0,1.6486663508006885,6557.435792934536
5151.150168020467,6563.996180360737,0.0,1.650315759249254,6563.996180360737
5146.001849852156,6579.978695156949,0.0,1.6543340729892193,6579.978695156949
5130.587747708076,6605.830172556232,0.0,1.6608336350516655,6605.830172556232
5125.459980655268,6609.133748292631,0.0,1.6616642179694259,6609.133748292631
5120.337338550367,6612.438976144894,0.0,1.6624952162611095,6612.438976144894
5115.219816271247,6621.75379432071,0.0,1.6648371419429198,6621.75379432071
5110.107408700891,6625.0653334606295,0.0,1.665669727014546,6625.0653334606295
5105.000110727408,6630.26214086747,0.0,1.6669763050389137,6630.26214086747
5099.897917244006,7717.0467266832575,0.0,1.9402149967747764,7717.0467266832575
5094.800823149005,7720.906021830165,0.0,1.9411852983144986,7720.906021830165
5089.708823345816,7724.76724700453,0.0,1.942156085100501,7724.76724700453
5084.621912742952,7728.630403185036,0.0,1.9431273573788435,7728.630403185036
5079.540086254008,7732.495491326297,0.0,1.9440991153895346,7732.495491326297
5074.463338797667,7736.362512398979,0.0,1.945071359376618,7736.362512398979
5069.391665297687,7740.231467367723,0.0,1.946044089582624,7740.231467367723
5059.263519887213,7747.975182868025,0.0,1.9479910096255586,7747.975182868025
5054.207037849586,7751.849945334888,0.0,1.9489651999490607,7751.849945334888
5049.155609514043,7755.7266455724375,0.0,1.9499398774656405,7755.7266455724375
5044.109229829662,7759.605284543311,0.0,1.950915042417324,7759.605284543311
5039.067893750566,7763.485863224189,0.0,1.951890695049667,7763.485863224189
5034.031596235923,7767.368382581721,0.0,1.9528668356057044,7767.368382581721
5029.000332249938,7771.252843586565,0.0,1.9538434643294786,7771.252843586565
5023.974096761851,7775.1392472133975,0.0,1.9548205814660418,7775.1392472133975
5018.952884745927,7850.245842627594,0.0,1.973703834080731,7850.245842627594
5013.936691181458,7854.171750648971,0.0,1.9746908833871315,7854.171750648971
5008.925511052749,7918.528556940834,0.0,1.9908714308341557,7918.528556940834
5003.919339349122,8059.61806535718,0.0,2.026344065614304,8059.61806535718
4998.918171064906,8673.750936082482,0.0,2.1807489627200263,8673.750936082482
4993.922001199431,8693.574414535082,0.0,2.185732969107986,8693.574414535082
4988.930824757028,8697.922071184817,0.0,2.186826054187214,8697.922071184817
4978.963432183708,8706.623908364782,0.0,2.1890138645755695,8706.623908364782
4973.987206086396,8726.962017774942,0.0,2.194127259152694,8726.962017774942
4969.015953479353,8731.326371565914,0.0,2.195224542216589,8731.326371565914
4959.08834885801,8740.061628083944,0.0,2.1974207548737383,8740.061628083944
4954.1319869171,8744.432532990308,0.0,2.198519685014913,8744.432532990308
4949.180578613222,8751.403868849906,0.0,2.2002724138581344,8751.403868849906
4939.292603117854,8760.159211900587,0.0,2.2024736766585917,8760.159211900587
4929.424382823947,8768.923314234891,0.0,2.204677141712586,8768.923314234891
4924.497668540413,8773.308652873751,0.0,2.2057797007736357,8773.308652873751
4919.575878262553,8777.69618461745,0.0,2.2068828112237147,8777.69618461745
4914.659007069069,8782.085910568296,0.0,2.2079864733399632,8782.085910568296
4909.747050043581,8786.47783181738,0.0,2.209090687396704,8786.47783181738
4904.840002274622,10151.912590596983,0.0,2.552387429004016,10151.912590596983
4899.937858855635,10156.989562188093,0.0,2.5536638779835474,10156.989562188093
4895.040614884966,10309.514552093602,0.0,2.592011614271621,10309.514552093602
4890.14826546586,10314.67034042278,0.0,2.593307879305481,10314.67034042278
4885.260805706458,10319.828707163746,0.0,2.5946047926019995,10319.828707163746
4880.378230719788,10324.989653602686,0.0,2.595902354484547,10324.989653602686
4875.500535623761,10330.153214929958,0.0,2.5972005738006616,10330.153214929958
4870.62771554117,10335.319324656095,0.0,2.5984994338336036,10335.319324656095
4865.759765599683,10340.598409396254,0.0,2.599826697972965,10340.598409396254
4860.896680931835,10345.76974276515,0.0,2.6011268713308584,10345.76974276515
4856.038456675029,10350.943662316806,0.0,2.6024276949051823,10350.943662316806
4851.185087971525,10356.120169345286,0.0,2.6037291690212894,10356.120169345286
4846.336569968438,10361.299265147292,0.0,2.6050312940051956,10361.299265147292
4841.492897817736,10366.480951011647,0.0,2.6063340701809357,10366.480951011647
4836.65406667623,10371.665228240294,0.0,2.607637497875844,10371.665228240294
4831.820071705573,10382.56926080738,0.0,2.6103789828326254,10382.56926080738
4826.990908072253,10387.761583799946,0.0,2.6116844333883984,10387.761583799946
4822.166570947587,10392.956503474135,0.0,2.6129905368002193,10392.956503474135
4817.347055507722,10398.154021122104,0.0,2.614297293392961,10398.154021122104
4812.532356933623,10403.354138054394,0.0,2.6156047034961194,10403.354138054394
4807.722470411074,10408.556855563167,0.0,2.616912767434569,10408.556855563167
4802.917391130666,10415.970991346514,0.0,2.6187768247539625,10415.970991346514
4798.117114287803,12041.830084929992,0.0,3.0275492875545216,12041.830084929992
4793.321635082686,12047.852204280784,0.0,3.029063364984735,12047.852204280784
4788.530948720315,12053.877335284278,0.0,3.030578199602762,12053.877335284278
4783.745050410482,12060.824935331306,0.0,3.0323249608030314,12060.824935331306
4778.963935367768,12066.856553998037,0.0,3.0338414265452376,12066.856553998037
4774.187598811535,12072.891189082336,0.0,3.0353586506732366,12072.891189082336
4769.416035965923,12078.92884208685,0.0,3.0368766335648236,12078.92884208685
4764.649242059847,12084.969514523336,0.0,3.0383953756000825,12084.969514523336
4759.887212326988,12091.01320789747,0.0,3.0399148771575706,12091.01320789747
4755.129942005794,12097.702848966846,0.0,3.0415967824751795,12097.702848966846
4750.377426339468,12103.752910281495,0.0,3.0431178850562355,12103.752910281495
4745.62966057597,12109.805997232881,0.0,3.0446397483409626,12109.805997232881
4740.886639968009,12146.463279458736,0.0,3.0538560990039287,12146.463279458736
4736.148359773037,12152.537725866627,0.0,3.0553833324696718,12152.537725866627
4731.414815253248,12158.615210106183,0.0,3.056911329705127,12158.615210106183
4726.686001675571,12164.695733693057,0.0,3.0584400910913585,12164.695733693057
4721.961914311663,12170.779298152034,0.0,3.0599696170117263,12170.779298152034
4717.242548437911,12176.865904998764,0.0,3.0614999078472946,12176.865904998764
4712.5278993354195,12182.955555761071,0.0,3.063030963982188,12182.955555761071
4707.81796229001,12189.048251957649,0.0,3.0645627857982363,12189.048251957649
4703.112732592216,12250.60837159668,0.0,3.0800401920596117,12250.60837159668
4698.412205537279,12258.284997382205,0.0,3.0819702444489803,12258.284997382205
4693.71637642514,12264.415365831273,0.0,3.0835115377988718,12264.415365831273
4689.025240560441,12270.54880008001,0.0,3.0850536019501726,12270.54880008001
4684.338793252513,12276.685301654214,0.0,3.086596437286498,12276.685301654214
4679.657029815377,12282.824872098025,0.0,3.088140044196075,12282.824872098025
4674.9799455677385,12288.967512940295,0.0,3.0896844230632867,12288.967512940295
4670.30753583298,12295.113225715995,0.0,3.0912295742740543,12295.113225715995
4665.639795939158,12304.468717123927,0.0,3.0935817259941034,12304.468717123927
4660.976721219,12310.622182050785,0.0,3.0951288262458014,12310.622182050785
4656.318307009896,12754.165686009226,0.0,3.206644252882601,12754.165686009226
4651.664548653899,13484.753455155951,0.0,3.3903281667375498,13484.753455155951
4647.015441497713,13491.497180494645,0.0,3.3920236698878705,13491.497180494645
4642.370980892699,13498.244278367887,0.0,3.39372002095869,13498.244278367887
4637.731162194856,13504.99475046584,0.0,3.395417220374947,13504.99475046584
4633.095980764831,13511.748598478665,0.0,3.397115268561582,13511.748598478665
4628.465431967906,13518.505824086495,0.0,3.398814165941012,13518.505824086495
4623.839511173995,13832.186210402115,0.0,3.477679489850389,13832.186210402115
4619.218213757638,13839.103686869703,0.0,3.4794186773994085,13839.103686869703
4614.6015350980015,13846.024622756493,0.0,3.4811587347134116,13846.024622756493
4609.989470578866,13881.632108469552,0.0,3.4901111462025165,13881.632108469552
4605.382015588627,14619.531613693098,0.0,3.675633372107548,14619.531613693098
4600.779165520293,14786.00362305591,0.0,3.7174876591876234,14786.00362305591
4596.180915771472,14793.398103614614,0.0,3.719346774802895,14793.398103614614
4591.587261744374,15359.849824036843,0.0,3.861763707320866,15359.849824036843
4586.998198845803,15329.61469770056,0.0,3.8541620110211405,15329.61469770056
4582.413722487155,15337.281038162135,0.0,3.856089477480881,15337.281038162135
4577.833828084412,15344.951212561193,0.0,3.8580179078667527,15344.951212561193
4573.258511058138,15348.302528319575,0.0,3.8588604935505817,15348.302528319575
4568.687766833471,15355.978214568235,0.0,3.860790309722187,15355.978214568235
4564.121590840125,15360.415567570251,0.0,3.861905946201454,15360.415567570251
4559.5599785123795,15368.10144316774,0.0,3.8638383241726837,15368.10144316774
4555.002925289079,15375.78703084592,0.0,3.8657706297554233,15375.78703084592
4550.450426613624,15383.47646209592,0.0,3.8677039016865535,15383.47646209592
4545.902477933972,15391.16973882857,0.0,3.8696381404464946,15391.16973882857
4541.359074702627,15398.866862969813,0.0,3.8715733465194653,15398.866862969813
4536.820212376641,15406.567836441807,0.0,3.8735095203887338,15406.567836441807
4532.285886417606,15414.27266117427,0.0,3.875446662539468,15414.27266117427
4527.756092291648,15421.98133907803,0.0,3.877384773452088,15421.98133907803
4523.230825469425,15429.693872105458,0.0,3.879323853617457,15429.693872105458
4518.710081426123,15437.410262163618,0.0,3.881263903515048,15437.410262163618
4514.193855641449,15445.130511193549,0.0,3.8832049236328756,15445.130511193549
4509.682143599628,15681.959399238078,0.0,3.9427482925572437,15681.959399238078
4505.1749407894,15689.80194729121,0.0,3.9447200610179682,15689.80194729121
4500.672242704012,18520.512474545292,0.0,4.65641550760847,18520.512474545292
4496.1740448412165,18529.774583020237,0.0,4.658744181050695,18529.774583020237
4491.680342703263,18539.041323473768,0.0,4.661074019062041,18539.041323473768
4487.191131796901,18548.312698225414,0.0,4.663405022225683,18548.312698225414
4482.706407633365,18557.588709594707,0.0,4.665737191124793,18557.588709594707
4478.226165728382,18566.869359887613,0.0,4.668070526339138,18566.869359887613
4473.750401602155,18576.15465144173,0.0,4.670405028456436,18576.15465144173
4469.279110779369,18585.444586572077,0.0,4.672740698058726,18585.444586572077
4464.81228878918,18594.739167593656,0.0,4.675077535728044,18594.739167593656
4460.3499311652095,18604.038396839558,0.0,4.6774155420509755,18604.038396839558
4455.892033445549,19618.963536141062,0.0,4.932587377290445,19618.963536141062
4451.438591172745,19628.774980005364,0.0,4.935054164288082,19628.774980005364
4446.989599893799,19638.591330562464,0.0,4.937522184923311,19638.591330562464
4442.545055160166,19648.385397895403,0.0,4.939984603124445,19648.385397895403
4438.104952527744,19658.61463960531,0.0,4.942556432591613,19658.61463960531
4433.669287556875,19668.445912981748,0.0,4.945028205112622,19668.445912981748
4429.238055812336,19678.282102986323,0.0,4.9475012137691605,19678.282102986323
4424.81125286334,20025.241421529783,0.0,5.034733505726281,20025.241421529783
4420.388874283523,19954.744642608126,0.0,5.017009250252336,19954.744642608126
4415.970915650952,19964.724010603713,0.0,5.019518256628625,19964.724010603713
4411.557372548107,19974.708369278917,0.0,5.022028517758421,19974.708369278917
4407.148240561887,20289.07787888785,0.0,5.101067100609419,20289.07787888785
4402.7435152836,20299.224446940145,0.0,5.103618144317991,20299.224446940145
4398.343192308961,19994.68698994384,0.0,5.02705152990307,19994.68698994384
4393.947267238088,20004.686333109657,0.0,5.029565558423998,20004.686333109657
4389.5557356754925,20014.690676943017,0.0,5.03208084420959,20014.690676943017
4385.168593230084,20024.700023953217,0.0,5.034597387890733,20024.700023953217
4380.785835515157,20034.714376635093,0.0,5.037115190094674,20034.714376635093
4376.407458148392,20044.73373749311,0.0,5.039634251451087,20044.73373749311
4372.033456751849,20054.758109036575,0.0,5.04215457259086,20054.758109036575
4367.663826951964,20064.787493769963,0.0,5.044676154143666,20064.787493769963
4363.298564379544,20074.821894192926,0.0,5.047198996737966,20074.821894192926
4358.937664669761,20084.861312824425,0.0,5.049723101007074,20084.861312824425
4354.581123462153,20094.905752168925,0.0,5.052248467580664,20094.905752168925
4350.228936400612,20104.95521046101,0.0,5.054775096014874,20104.95521046101
4345.8810991333885,20115.00969876211,0.0,5.057302989090763,20115.00969876211
4341.5376073130765,20125.06921531378,0.0,5.0598321463662215,20125.06921531378
4337.19845659662,20135.133762630136,0.0,5.06236256847335,20135.133762630136
4332.863642645301,20259.722701691666,0.0,5.093686640564765,20259.722701691666
4328.53316112474,20269.85458921692,0.0,5.096233993304533,20269.85458921692
4324.207007704887,20169.80890497996,0.0,5.071080570785012,20169.80890497996
4319.88517806002,20187.7805738986,0.0,5.075598996393666,20187.7805738986
4315.567667868742,20580.48506028117,0.0,5.174332509454519,20580.48506028117
4311.254472813975,20590.777361069457,0.0,5.176920193195205,20590.777361069457
4306.945588582954,20601.07480902785,0.0,5.1795091710341365,20601.07480902785
4302.641010867224,23143.10403142632,0.0,5.818624546930923,23143.10403142632
4298.34073536264,23407.038269075332,0.0,5.884982725672835,23407.038269075332
4294.044757769354,23418.744129146435,0.0,5.887925805592459,23418.744129146435
4289.75307379182,23431.181910457977,0.0,5.891052904686444,23431.181910457977
4285.46567913878,23442.899844770935,0.0,5.893999020304302,23442.899844770935
4281.182569523269,23454.62363921159,0.0,5.896946609271752,23454.62363921159
4276.903740662606,23466.35329673426,0.0,5.899895672331565,23466.35329673426
4272.629188278388,23478.088820248577,0.0,5.902846210215281,23478.088820248577
4268.35890809649,23489.830212708854,0.0,5.90579822366567,23489.830212708854
4264.0928958470595,23501.577477024734,0.0,5.908751713414272,23501.577477024734
4259.83114726451,23513.33061616169,0.0,5.911706680206667,23513.33061616169
4255.573658087519,23952.73422021117,0.0,6.022181255832321,23952.73422021117
4251.320424059022,25825.015132903933,0.0,6.492908936205322,25825.015132903933
4247.07144092621,25837.930223224386,0.0,6.496156040027799,25837.930223224386
4242.826704440525,25850.85177239163,0.0,6.499404767729442,25850.85177239163
4238.586210357653,25863.77978362268,0.0,6.502655120119071,25863.77978362268
4234.349954437525,25876.714260152923,0.0,6.505907098010126,25876.714260152923
4230.117932444309,25889.655205205505,0.0,6.5091607022129665,25889.655205205505
4225.8901401464045,25902.602622040315,0.0,6.512415933547194,25902.602622040315
4221.666573316442,25939.73883754184,0.0,6.52175269731077,25939.73883754184
4217.447227731277,25952.711301190844,0.0,6.525014225899146,25952.711301190844
4213.2320991719835,25969.741730050522,0.0,6.529296005528755,25969.741730050522
4209.021183423857,25982.729198142526,0.0,6.532561306524681,25982.729198142526
4204.814476276401,29903.403786095223,0.0,7.518294826410857,29903.403786095223
4200.611973523328,38839.96462583708,0.0,9.76511928853375,38839.96462583708
4196.413670962556,39039.697773297565,0.0,9.815336069872641,39039.697773297565
4192.219564396202,39059.22152654059,0.0,9.820244719538383,39059.22152654059
4188.029649630578,39078.75504361587,0.0,9.825155824020642,39078.75504361587
4183.843922476189,39109.98189301134,0.0,9.83300685870333,39109.98189301134
4179.662378747724,39129.54079535282,0.0,9.837924345533127,39129.54079535282
4175.485014264057,39149.109479100014,0.0,9.84284429159775,39149.109479100014
4171.311824848243,39168.68794914127,0.0,9.847766698126222,39168.68794914127
4167.142806327509,39176.56925741532,0.0,9.849748211657122,39176.56925741532
4162.977954533252,39196.161460099174,0.0,9.854674070837893,39196.161460099174
4158.817265301036,40324.94662158434,0.0,10.138472520687586,40324.94662158434
4154.660734470589,40345.11492532522,0.0,10.143543222830967,40345.11492532522
4150.508357885795,40365.28718729421,0.0,10.148614920149551,40365.28718729421
4146.360131394691,40414.48246935283,0.0,10.160983566783587,40414.48246935283
4142.216050849466,40561.28990742918,0.0,10.197893799814693,40561.28990742918
4138.076112106453,41255.40163039498,0.0,10.372406929258222,41255.40163039498
4133.940311026128,41276.033457161495,0.0,10.377594170066915,41276.033457161495
4129.808643473102,41296.675601906594,0.0,10.382784005015246,41296.675601906594
4125.681105316121,41317.328069787465,0.0,10.387976435399828,41317.328069787465
4121.5576924280585,41337.990865970925,0.0,10.393171462519701,41337.990865970925
4117.438400685914,41510.503256938755,0.0,10.436544418514373,41510.503256938755
4113.323225970807,42724.14011744426,0.0,10.741676228750734,42724.14011744426
4109.212164167973,42745.506460356366,0.0,10.747048141143198,42745.506460356366
4105.105211166762,44706.887904831565,0.0,11.240177420742901,44706.887904831565
4101.002362860633,45498.891912033316,0.0,11.43930256624257,45498.891912033316
4096.903615147145,45521.64590832795,0.0,11.445023361568943,45521.64590832795
4092.808963927961,45626.02962970867,0.0,11.471267450637596,45626.02962970867
4088.718405108838,45648.847187697174,0.0,11.477004226604754,45648.847187697174
4084.631934599627,46002.19379287319,0.0,11.56584240611862,46002.19379287319
4080.5495483142645,45905.39758595265,0.0,11.541505965126396,45905.39758595265
4076.471242170773,45928.35487573666,0.0,11.547277872373014,45928.35487573666
4072.3970120912536,46791.55185551688,0.0,11.764302309914564,46791.55185551688
4068.326854001883,46814.9523110636,0.0,11.770185637616354,46814.9523110636
4064.2607638329105,46789.24396682487,0.0,11.763722062002412,46789.24396682487
4060.1987375186513,46812.64326820816,0.0,11.769605099525164,46812.64326820816
4056.1407709974847,46836.054271581124,0.0,11.775491079154744,46836.054271581124
4052.0868602118508,47157.435632327215,0.0,11.856292577174369,47157.435632327215
4048.0370011082427,50749.638633037925,0.0,12.759441978789278,50749.638633037925
4043.9911896372073,50775.018527830944,0.0,12.765822975851757,50775.018527830944
4039.949421753336,50800.41111510694,0.0,12.772207164050261,50800.41111510694
4035.9116934152644,50825.81363736941,0.0,12.778593850096767,50825.81363736941
4031.8780005856693,61579.791508617665,0.0,15.48235215035882,61579.791508617665
4027.848339231259,61610.58760435732,0.0,15.490094885230386,61610.58760435732
4023.822705322777,81722.94115348958,0.0,20.54673006686474,81722.94115348958
4019.801094834989,81763.8439241011,0.0,20.557013815526737,81763.8439241011
4015.783503746687,81876.17116154887,0.0,20.585255058370183,81876.17116154887
4011.7699280406828,81917.11743556126,0.0,20.595549744629654,81917.11743556126
4007.7603637038,82083.64725302029,0.0,20.63741856578464,82083.64725302029
4003.754806726876,83272.66455706712,0.0,20.936360542740623,83272.66455706712
3999.7532531047536,88287.2238566563,0.0,22.19711786349627,88287.2238566563
3995.7556988362785,88331.37629818478,0.0,22.208218642360492,88331.37629818478
3991.7621399242967,116580.8095269067,0.0,29.31067323956247,116580.8095269067
3987.772572375648,116639.11159092287,0.0,29.325331507544178,116639.11159092287
3983.7869922011623,116697.44555376674,0.0,29.33999779550893,116697.44555376674
3979.805395415659,357577.4036194312,0.0,89.90188417692644,357577.4036194312
3975.827778037938,172487.31368097707,68996.99514075038,26.0194702927562,103490.31854022668
3971.854136090781,172437.08670519802,172437.08670519802,0.0,0.0
3967.884465600942,172397.06516494998,172397.06516494998,0.0,0.0
3963.918762599146,172310.89248595346,172310.89248595346,0.0,0.0
3959.9570231200883,172289.0074207615,172289.0074207615,0.0,0.0
3955.999243202423,173435.64332079396,173435.64332079396,0.0,0.0
3952.045418888768,173602.151465661,173602.151465661,0.0,0.0
3948.0955462256925,175356.18683357676,175356.18683357676,0.0,0.0
3944.149621263719,569715.6994667257,569715.6994667257,0.0,0.0
3940.207640057316,175175.9905316806,175175.9905316806,0.0,0.0
3936.2695986648973,176911.34585876894,176911.34585876894,0.0,0.0
3932.3354931488143,176822.91368092332,176822.91368092332,0.0,0.0
3928.405319575354,176731.64828882873,176731.64828882873,0.0,0.0
3924.4790740147373,176656.3840252869,176656.3840252869,0.0,0.0
3920.556752541109,176562.47032071158,176562.47032071158,0.0,0.0
3916.6383512325397,331410.3710643669,331410.3710643669,0.0,0.0
3912.7238661710203,331533.4528584986,331533.4528584986,0.0,0.0
3908.8132934424557,182509.455197108,182509.455197108,0.0,0.0
3904.906629136666,182418.2278394909,182418.2278394909,0.0,0.0
3901.0038693473757,184400.62926967096,184400.62926967096,0.0,0.0
3897.105010172215,184308.45660867958,184308.45660867958,0.0,0.0
3893.2100477127137,184222.65583145904,184222.65583145904,0.0,0.0
3889.3189780743005,184788.4199860521,184788.4199860521,0.0,0.0
3885.4317973662914,184696.4945989376,184696.4945989376,0.0,0.0
3881.5485017018973,156678.42978321994,156678.42978321994,0.0,0.0
3877.669087198208,155848.44585081778,155848.44585081778,0.0,0.0
3873.793549976199,155770.55315768239,155770.55315768239,0.0,0.0
3869.9218861607173,155961.33830211865,155961.33830211865,0.0,0.0
3866.0540918804886,155883.4120117265,155883.4120117265,0.0,0.0
3862.1901632681033,155805.61515529166,155805.61515529166,0.0,0.0
3858.33009646002,437104.25917024625,437104.25917024625,0.0,0.0
3854.473887596557,436885.7725909337,436885.7725909337,0.0,0.0
3850.6215328218905,436927.9919231451,436927.9919231451,0.0,0.0
3846.7730282840503,436709.59345096827,436709.59345096827,0.0,0.0
3842.928370134917,436491.3041454687,436491.3041454687,0.0,0.0
3839.087554530216,155876.6269443478,155876.6269443478,0.0,0.0
3835.250577629517,155798.71200693998,155798.71200693998,0.0,0.0
3831.417435596224,155720.83601526343,155720.83601526343,0.0,0.0
3827.58812459758,155643.0312137785,155643.0312137785,0.0,0.0
3823.762640804656,154353.25714239132,154353.25714239132,0.0,0.0
3819.940980392349,154428.06402695476,154428.06402695476,0.0,0.0
3816.123139539383,154259.71082916408,154259.71082916408,0.0,0.0
3812.309114428296,154156.6097518483,154156.6097518483,0.0,0.0
3808.498901245446,154079.55456505352,154079.55456505352,0.0,0.0
3804.6924961809987,154002.53789428595,154002.53789428595,0.0,0.0
3800.8898954289307,153806.92692635438,153806.92692635438,0.0,0.0
3797.091095187021,153730.04652849204,153730.04652849204,0.0,0.0
3793.296091656848,153653.20455939893,153653.20455939893,0.0,0.0
3789.5048810437884,150148.5706898302,150148.5706898302,0.0,0.0
3785.7174595570086,150198.75574264402,150198.75574264402,0.0,0.0
3781.9338234094675,150123.67888932631,150123.67888932631,0.0,0.0
3778.153968817907,150048.6395631514,150048.6395631514,0.0,0.0
3774.3778920028476,149973.69373666716,149973.69373666716,0.0,0.0
3770.605589188593,149081.6398342214,149081.6398342214,0.0,0.0
3766.837056603215,149007.1213713719,149007.1213713719,0.0,0.0
3763.072290478558,148932.64015651724,148932.64015651724,0.0,0.0
3759.3112870502337,148875.93417523263,148875.93417523263,0.0,0.0
3755.554042557612,148811.99084714282,148811.99084714282,0.0,0.0
3751.800553243824,145292.75402146307,145292.75402146307,0.0,0.0
3748.0508153557575,145220.12943327718,145220.12943327718,0.0,0.0
3744.3048251440473,145147.5411464855,145147.5411464855,0.0,0.0
3740.5625788630778,142686.46528042568,142686.46528042568,0.0,0.0
3736.8240727709767,142615.1434457751,142615.1434457751,0.0,0.0
3733.0893031296127,142543.85726129878,142543.85726129878,0.0,0.0
3729.358266204587,141845.1332018038,141845.1332018038,0.0,0.0
3725.6309582652375,142374.21175881583,142374.21175881583,0.0,0.0
3721.9073755846266,142303.04600407055,142303.04600407055,0.0,0.0
3718.1875144395453,142231.91582152876,142231.91582152876,0.0,0.0
3714.4713711105037,142160.82119343823,142160.82119343823,0.0,0.0
3710.75894188173,140973.02015594227,140973.02015594227,0.0,0.0
3707.050223041165,140902.55478687253,140902.55478687253,0.0,0.0
3703.345210880461,140832.12463988527,140832.12463988527,0.0,0.0
3699.6439016949753,135147.92001272368,135147.92001272368,0.0,0.0
3695.9462917837695,135080.3663202162,135080.3663202162,0.0,0.0
3692.252377449603,135012.84639428635,135012.84639428635,0.0,0.0
3688.562154998929,134959.03790229015,134959.03790229015,0.0,0.0
3684.875620741896,134891.57862247195,134891.57862247195,0.0,0.0
3681.192770992337,134824.15306209767,134824.15306209767,0.0,0.0
3677.5136020677696,133302.72063657557,133302.72063657557,0.0,0.0
3673.8381102893927,133236.085046801,133236.085046801,0.0,0.0
3670.166291982083,130638.77279789923,130638.77279789923,0.0,0.0
3666.498143474388,129756.77045309904,129756.77045309904,0.0,0.0
3662.8336610985248,130309.85608868365,130309.85608868365,0.0,0.0
3659.1728411903787,128482.75573039704,128482.75573039704,0.0,0.0
3655.5156800894956,128418.53362036844,128418.53362036844,0.0,0.0
3651.862174139078,128357.93255450178,128357.93255450178,0.0,0.0
3648.212319685986,126989.44614307946,126989.44614307946,0.0,0.0
3644.5661130807302,126925.97046405157,126925.97046405157,0.0,0.0
3640.9235506774694,126862.37798734377,126862.37798734377,0.0,0.0
3637.284628834002,126799.80495169005,126799.80495169005,0.0,0.0
3633.6493439117717,126736.81375971601,126736.81375971601,0.0,0.0
3630.017692275856,126673.57075192341,126673.57075192341,0.0,0.0
3626.3896702949664,126610.2683147943,126610.2683147943,0.0,0.0
3622.7652743414446,126547.18056223197,126547.18056223197,0.0,0.0
3619.144500791255,126483.85946617114,126483.85946617114,0.0,0.0
3615.5273460239864,126420.63650461636,126420.63650461636,0.0,0.0
3611.913806422846,126357.4451450169,126357.4451450169,0.0,0.0
3608.3038783746533,126294.28537165077,126294.28537165077,0.0,0.0
3604.6975582698433,126231.15716868524,126231.15716868524,0.0,0.0
3601.094842502455,124557.82346192378,124557.82346192378,0.0,0.0
3597.4957274701333,124495.5632295322,124495.5632295322,0.0,0.0
3593.9002095741216,123903.2861907275,123903.2861907275,0.0,0.0
3590.308285219262,124409.76028214509,124409.76028214509,0.0,0.0
3586.7199508139884,124294.93744151192,124294.93744151192,0.0,0.0
3583.135202770326,124232.80861271228,124232.80861271228,0.0,0.0
3579.554037503884,124170.71083896255,124170.71083896255,0.0,0.0
3575.9764514338553,124108.64410479693,124108.64410479693,0.0,0.0
3572.402440983011,124046.60839469529,124046.60839469529,0.0,0.0
3568.832002577697,122333.6417506234,122333.6417506234,0.0,0.0
3565.265132647834,122272.4932755283,122272.4932755283,0.0,0.0
3561.701827626906,122480.7392736688,122480.7392736688,0.0,0.0
3558.1420839519647,122419.51727183159,122419.51727183159,0.0,0.0
3554.5858980636226,122377.34438302407,122377.34438302407,0.0,0.0
3551.0332664060484,122316.17406318021,122316.17406318021,0.0,0.0
3547.484185426966,122235.44420533074,122235.44420533074,0.0,0.0
3543.938651577648,122185.4038987959,122185.4038987959,0.0,0.0
3540.396661312916,121822.05797750453,121822.05797750453,0.0,0.0
3536.8582110911334,121761.16539511997,121761.16539511997,0.0,0.0
3533.323297374203,121700.30307227548,121700.30307227548,0.0,0.0
3529.7919166275638,121606.15450266979,121606.15450266979,0.0,0.0
3526.264065320189,121582.16172083921,121582.16172083921,0.0,0.0
3522.7397399245788,125935.47252039377,125935.47252039377,0.0,0.0
3519.2189369167613,126291.60778065,126291.60778065,0.0,0.0
3515.701652776283,126264.08037393625,126264.08037393625,0.0,0.0
3512.187883986213,121910.21848829828,121910.21848829828,0.0,0.0
3508.6776270331334,121816.88079203905,121816.88079203905,0.0,0.0
3505.1708784071366,121794.30479294596,121794.30479294596,0.0,0.0
3501.667634601826,70065.7819051551,70065.7819051551,0.0,0.0
3498.1678921143075,70031.897307479,70031.897307479,0.0,0.0
3494.671647445187,69996.89186117971,69996.89186117971,0.0,0.0
3491.1788970985704,69985.18964442295,69985.18964442295,0.0,0.0
3487.6896375820565,69915.27830529268,69915.27830529268,0.0,0.0
3484.2038654067323,69880.33115100273,69880.33115100273,0.0,0.0
3480.7215770871767,69729.51379964365,69729.51379964365,0.0,0.0
3477.242769141447,69694.65949972668,69694.65949972668,0.0,0.0
3473.7674380910835,69687.27850611908,69687.27850611908,0.0,0.0
3470.295580461104,69507.32715262762,69507.32715262762,0.0,0.0
3466.8271927799956,69472.58391271454,69472.58391271454,0.0,0.0
3463.362271579718,69278.12301778066,69278.12301778066,0.0,0.0
3459.9008133956954,69243.06225564104,69243.06225564104,0.0,0.0
3456.4428147668164,69184.08363750669,69184.08363750669,0.0,0.0
3452.988272235428,69033.77079380509,69033.77079380509,0.0,0.0
3449.5371823473324,68962.90671474907,68962.90671474907,0.0,0.0
3446.089541651784,68928.43560342815,68928.43560342815,0.0,0.0
3442.6453467014867,68898.42933435102,68898.42933435102,0.0,0.0
3439.204594052591,68869.47496954273,68869.47496954273,0.0,0.0
3435.7672802646853,68849.37162619799,68849.37162619799,0.0,0.0
3432.3334019008025,68813.00445138349,68813.00445138349,0.0,0.0
3428.9029555274055,68766.26911517447,68766.26911517447,0.0,0.0
3425.47593771439,76548.13440021091,76548.13440021091,0.0,0.0
3422.052345035082,76565.46807268816,76565.46807268816,0.0,0.0
3418.6321740662297,77114.27574576586,77114.27574576586,0.0,0.0
3415.2154213880053,77034.40612026991,77034.40612026991,0.0,0.0
3411.802083583996,76439.13281143203,76439.13281143203,0.0,0.0
3408.392157241206,76592.58439629822,76592.58439629822,0.0,0.0
3404.985638950049,76645.71371628631,76645.71371628631,0.0,0.0
3401.582525304347,74008.85447519933,74008.85447519933,0.0,0.0
3398.182812901327,73971.11329859195,73971.11329859195,0.0,0.0
3394.786498341616,73791.34162100918,73791.34162100918,0.0,0.0
3391.3935782292383,73669.52300632665,73669.52300632665,0.0,0.0
3388.004049171613,73626.90041483319,73626.90041483319,0.0,0.0
3384.6179077795505,73590.09800605978,73590.09800605978,0.0,0.0
3381.2351506672467,73553.68524816,73553.68524816,0.0,0.0
3377.8557744522827,73516.91939491035,73516.91939491035,0.0,0.0
3374.47977575562,73520.88405381903,73520.88405381903,0.0,0.0
3371.1071512015965,73484.13463735882,73484.13463735882,0.0,0.0
3367.737897417926,54851.897759022366,54851.897759022366,0.0,0.0
3364.3720110356903,54824.480035978086,54824.480035978086,0.0,0.0
3361.00948868934,54805.92000003547,54805.92000003547,0.0,0.0
3357.650327016688,54778.525259011716,54778.525259011716,0.0,0.0
3354.2945226589086,54751.14421122572,54751.14421122572,0.0,0.0
3350.9420722605323,54266.36819031943,54266.36819031943,0.0,0.0
3347.5929724694442,54208.94049762183,54208.94049762183,0.0,0.0
3344.2472199368785,44889.64856393328,44889.64856393328,0.0,0.0
3340.904811317418,44867.21047153195,44867.21047153195,0.0,0.0
3337.565743268987,44844.78359479923,44844.78359479923,0.0,0.0
3334.2300124528515,44822.32730166825,44822.32730166825,0.0,0.0
3330.897615533613,44799.922853461474,44799.922853461474,0.0,0.0
3327.568549179209,44777.51490481948,44777.51490481948,0.0,0.0
3324.242810060905,44755.132862421895,44755.132862421895,0.0,0.0
3320.920394853294,44749.01625215418,44749.01625215418,0.0,0.0
3317.6013002342934,44726.64845479226,44726.64845479226,0.0,0.0
3314.2855228851395,44340.3059966366,44340.3059966366,0.0,0.0
3310.9730594903863,44320.411905420755,44320.411905420755,0.0,0.0
3307.663906737902,44298.258345962844,44298.258345962844,0.0,0.0
3304.3580613188633,44276.115859980215,44276.115859980215,0.0,0.0
3301.055519927756,44712.046572437444,44712.046572437444,0.0,0.0
3297.756279262368,44406.64234607624,44406.64234607624,0.0,0.0
3294.460336023789,44383.75908888143,44383.75908888143,0.0,0.0
3291.1676869164044,44351.1699683502,44351.1699683502,0.0,0.0
3287.878328647895,44329.00103450901,44329.00103450901,0.0,0.0
3284.59225792923,44400.07793235142,44400.07793235142,0.0,0.0
3281.3094714746676,44636.017746987585,44636.017746987585,0.0,0.0
3278.029966001749,44613.70643194685,44613.70643194685,0.0,0.0
3274.753738231296,44591.40626921153,44591.40626921153,0.0,0.0
3271.4807848874093,44584.939272638694,44584.939272638694,0.0,0.0
3268.2111026974626,44562.65348915358,44562.65348915358,0.0,0.0
3264.944688392099,44612.34648954418,44612.34648954418,0.0,0.0
3261.681538705231,44590.047006578476,44590.047006578476,0.0,0.0
3258.4216503740363,44567.75867003136,44567.75867003136,0.0,0.0
3255.1650201389507,44578.368467955625,44578.368467955625,0.0,0.0
3251.911644743669,44587.67515284465,44587.67515284465,0.0,0.0
3248.661520935142,44299.934029851705,44299.934029851705,0.0,0.0
3245.4146454635707,44277.79070629591,44277.79070629591,0.0,0.0
3242.1710150824033,44255.65845106039,44255.65845106039,0.0,0.0
3238.9306265483333,44233.537258640055,44233.537258640055,0.0,0.0
3235.693476621297,44211.42712347479,44211.42712347479,0.0,0.0
3232.459562064467,44189.328040096014,44189.328040096014,0.0,0.0
3229.228879644252,43461.87935130564,43461.87935130564,0.0,0.0
3226.0014261302927,35854.91019216152,35854.91019216152,0.0,0.0
3222.777198295457,35821.36082230943,35821.36082230943,0.0,0.0
3219.5561929158407,37028.86389579809,37028.86389579809,0.0,0.0
3216.338406770759,37010.355016882866,37010.355016882866,0.0,0.0
3213.1238366427474,37429.49119296923,37429.49119296923,0.0,0.0
3209.9124793175574,37411.4687488903,37411.4687488903,0.0,0.0
3206.704331584153,36984.51829779111,36984.51829779111,0.0,0.0
3203.499390234706,36377.28012751154,36377.28012751154,0.0,0.0
3200.2976520645952,35885.718990946145,35885.718990946145,0.0,0.0
3197.0991138724025,35513.26024721575,35513.26024721575,0.0,0.0
3193.90377245991,35495.50894283097,35495.50894283097,0.0,0.0
3190.7116246320948,35477.76651144528,35477.76651144528,0.0,0.0
3187.5226671971286,35460.032948624525,35460.032948624525,0.0,0.0
3184.3368969663716,35388.31590397305,35388.31590397305,0.0,0.0
3181.154310754372,56842.085628541674,56842.085628541674,0.0,0.0
3177.9749053788623,56813.67311004535,56813.67311004535,0.0,0.0
3174.798677660754,56797.83046397173,56797.83046397173,0.0,0.0
3171.625624424138,56769.44006640254,56769.44006640254,0.0,0.0
3168.4557424962763,56741.06385979592,56741.06385979592,0.0,0.0
3165.289028707605,56718.71122942542,56718.71122942542,0.0,0.0
3162.1254798917266,56814.026685850506,56814.026685850506,0.0,0.0
3158.965092885407,35786.48269799794,35786.48269799794,0.0,0.0
3155.807864528577,35648.192935358384,35648.192935358384,0.0,0.0
3152.653791664322,35630.374184864806,35630.374184864806,0.0,0.0
3149.502871138885,35353.25206400995,35353.25206400995,0.0,0.0
3146.35509980166,35335.58073974165,35335.58073974165,0.0,0.0
3143.2104745051906,35316.609249551846,35316.609249551846,0.0,0.0
3140.0689921051653,35300.9804591042,35300.9804591042,0.0,0.0
3136.930649460415,35283.33526280306,35283.33526280306,0.0,0.0
3133.7954434329113,36310.29476469039,36310.29476469039,0.0,0.0
3130.663370887762,36292.159603370856,36292.159603370856,0.0,0.0
3127.5344286932063,36274.018966118725,36274.018966118725,0.0,0.0
3124.408613720615,36270.28612129889,36270.28612129889,0.0,0.0
3121.2859228444863,36252.15641750805,36252.15641750805,0.0,0.0
3118.16635294244,36234.035775859986,36234.035775859986,0.0,0.0
3115.049900895218,36215.92419180373,36215.92419180373,0.0,0.0
3111.93656358668,36197.853202903236,36197.853202903236,0.0,0.0
3108.8263379038003,36179.759704729106,36179.759704729106,0.0,0.0
3105.719220736663,36161.74518651552,36161.74518651552,0.0,0.0
3102.615208978462,34989.888740806215,34989.888740806215,0.0,0.0
3099.5142995254955,36207.20135039916,36207.20135039916,0.0,0.0
3096.4164892771632,36190.2345151982,36190.2345151982,0.0,0.0
3093.3217751359653,36172.144825220326,36172.144825220326,0.0,0.0
3090.2301540074964,35116.73631446672,35116.73631446672,0.0,0.0
3087.1416228004446,35056.756127620516,35056.756127620516,0.0,0.0
3084.056178426586,35039.233006849914,35039.233006849914,0.0,0.0
3080.973817800786,35021.71864500001,35021.71864500001,0.0,0.0
3077.8945378409917,35004.21303771679,35004.21303771679,0.0,0.0
3074.8183354682296,34986.71618060379,34986.71618060379,0.0,0.0
3071.745207606606,34969.228069292854,34969.228069292854,0.0,0.0
3068.6751511833,34951.74869941581,34951.74869941581,0.0,0.0
3065.608163128561,34883.77832277904,34883.77832277904,0.0,0.0
3062.5442403757074,34866.49277036648,34866.49277036648,0.0,0.0
3059.4833798611235,34849.065336494416,34849.065336494416,0.0,0.0
3056.425578524254,34831.64602995726,34831.64602995726,0.0,0.0
3053.3708333076033,34849.53788384503,34849.53788384503,0.0,0.0
3050.319141156731,34832.1183456192,34832.1183456192,0.0,0.0
3047.2704990202496,34814.70751003044,34814.70751003044,0.0,0.0
3044.2249038498226,34797.30537726815,34797.30537726815,0.0,0.0
3041.182352600158,34779.911942966035,34779.911942966035,0.0,0.0
3038.1428422290096,35720.37193201953,35720.37193201953,0.0,0.0
3035.10636969717,35702.51710287387,35702.51710287387,0.0,0.0
3032.07293196847,34727.67642561295,34727.67642561295,0.0,0.0
3029.0425260097754,34922.23558753487,34922.23558753487,0.0,0.0
3026.0151487909825,34904.77970685548,34904.77970685548,0.0,0.0
3022.990797285017,34887.33255149931,34887.33255149931,0.0,0.0
3019.969468467829,34869.89411710158,34869.89411710158,0.0,0.0
3016.951159318391,34852.464399311466,34852.464399311466,0.0,0.0
3013.935866818697,34835.04516548855,34835.04516548855,0.0,0.0
3010.9235879537555,34676.64726457107,34676.64726457107,0.0,0.0
3007.9143197115873,34659.314141229945,34659.314141229945,0.0,0.0
3004.9080590832255,34641.98968184041,34641.98968184041,0.0,0.0
3001.9048030627105,34676.79624806721,34676.79624806721,0.0,0.0
2998.9045486470845,46812.469214284625,46812.469214284625,0.0,0.0
2995.9072928363953,46796.13081638575,46796.13081638575,0.0,0.0
2992.913032633685,46771.89308245463,46771.89308245463,0.0,0.0
2989.9217650449928,46748.51415004198,46748.51415004198,0.0,0.0
2986.93348707935,46732.91323568972,46732.91323568972,0.0,0.0
2983.9481957487765,46575.27721973658,46575.27721973658,0.0,0.0
2980.96588806828,46358.40808887144,46358.40808887144,0.0,0.0
2977.9865610558513,46335.23583697859,46335.23583697859,0.0,0.0
2975.0102117324604,46644.76076056278,46644.76076056278,0.0,0.0
2972.036837122055,46621.44537525651,46621.44537525651,0.0,0.0
2969.066434251559,46079.424551987555,46079.424551987555,0.0,0.0
2966.0990001508635,46056.39175002775,46056.39175002775,0.0,0.0
2963.1345318528333,45651.37906244745,45651.37906244745,0.0,0.0
2960.1730263932955,45636.497757112935,45636.497757112935,0.0,0.0
2957.2144808110406,45613.68635210473,45613.68635210473,0.0,0.0
2954.258892147818,45561.05402253218,45561.05402253218,0.0,0.0
2951.3062574483356,45986.543728115226,45986.543728115226,0.0,0.0
2948.356573760253,45414.84947851279,45414.84947851279,0.0,0.0
