price,amount,amount_0,amount_1,amount_1_adj
0.3082207750337503,0.08337828140561378,0.0,1.640795858020724,0.08337828140561378
0.30272270703357607,0.0841320350550522,0.0,1.6556289277976133,0.0841320350550522
0.3009118991859498,0.08438479747638085,0.0,1.6606030232933187,0.08438479747638085
0.29911192311600276,0.08473221745965648,0.0,1.667439878886194,0.08473221745965648
0.29201904655564653,0.10544359730281243,0.0,2.0750177959126312,0.10544359730281243
0.28853593262851296,0.10607812885173433,0.0,2.0875047016116066,0.10607812885173433
0.28680998634504534,0.106396825109112,0.0,2.0937763048427662,0.106396825109112
0.2850943642196341,0.1067164788428929,0.0,2.100066750190723,0.1067164788428929
0.28338900449587323,0.10703709292966443,0.0,2.1063760942636556,0.10703709292966443
0.2816938457867672,0.107358670254673,0.0,2.1127043938401435,0.107358670254673
0.2800088270725215,0.10768121371182383,0.0,2.1190517058691625,0.10768121371182383
0.2717337231597937,0.10930852487659268,0.0,2.151075458024407,0.10930852487659268
0.2701082832871651,0.10963994298472071,0.0,2.1575974137414375,0.10963994298472071
0.26688651424693094,0.11029972702684891,0.0,2.170581261636379,0.11029972702684891
0.26212577025263534,0.11129685506040084,0.0,2.1902036803260763,0.11129685506040084
0.2605578026347126,0.11163123021907595,0.0,2.196783827651375,0.11163123021907595
0.2574499488084474,0.11230299729863216,0.0,2.2100034889721503,0.11230299729863216
0.25590995072821876,0.1126403952648277,0.0,2.2166431219329827,0.1126403952648277
0.25437916451265785,0.11297880689396486,0.0,2.223302702701901,0.11297880689396486
0.2528575350588057,0.11331823523146992,0.0,2.2299822912096543,0.11331823523146992
0.24984152767047885,0.11606878806408714,0.0,2.284110244184248,0.11606878806408714
0.24538483357434185,0.1171180693771008,0.0,2.304758983919191,0.1171180693771008
0.24391700584949394,0.11746993352466066,0.0,2.311683295936293,0.11746993352466066
0.23956599386980967,0.11853188142765231,0.0,2.3325813006839082,0.11853188142765231
0.23529259560623936,0.11960342951781452,0.0,2.3536682268998015,0.11960342951781452
0.2324860974467047,0.12035136159946203,0.0,2.368386734417101,0.12035136159946203
0.23109542657881435,0.12071293970164057,0.0,2.3755022067248044,0.12071293970164057
0.2297130743393669,0.12107560411246104,0.0,2.3826390564306763,0.12107560411246104
0.22833899096850854,0.12143935809557009,0.0,2.38979734775981,0.12143935809557009
0.22697312700403566,0.12180420492444775,0.0,2.3969771451308093,0.12180420492444775
0.2229243613543363,0.12290533536790642,0.0,2.4186462205819836,0.12290533536790642
0.22159088628428572,0.12327458651154909,0.0,2.4259126901810744,0.12327458651154909
0.2176381294953364,0.13307194670302233,0.0,2.6187143137058317,0.13307194670302233
0.2163362752780076,0.13347174194673955,0.0,2.6265818586934335,0.13347174194673955
0.21504220841120927,0.13387273831691146,0.0,2.6344730405715855,0.13387273831691146
0.2137558823130527,0.13427549113680287,0.0,2.6423987875112376,0.13427549113680287
0.21247725068028978,0.1346789022541197,0.0,2.650337489043749,0.1346789022541197
0.20994288698116534,0.13548936409950366,0.0,2.666286515775551,0.13548936409950366
0.20868706368655981,0.1384520715408537,0.0,2.7245894457033804,0.1384520715408537
0.2074387523975762,0.1388680305844758,0.0,2.7327750770737516,0.1388680305844758
0.20496448636587225,0.1397364410483259,0.0,2.749864470955779,0.1397364410483259
0.20373844255821416,0.14015642372485668,0.0,2.75812928314038,0.14015642372485668
0.2025197326230964,0.1405775032458957,0.0,2.766415680057787,0.1405775032458957
0.20130831269121666,0.14099984783889688,0.0,2.7747269722452885,0.14099984783889688
0.20010413915568726,0.17256020604417027,0.0,3.3958012394030233,0.17256020604417027
0.19890716867046554,0.17307871562555163,0.0,3.4060049562358974,0.17307871562555163
0.19771735814879346,0.17360156582461933,0.0,3.4162940918061326,0.17360156582461933
0.19653466476164674,0.1741231263941986,0.0,3.4265578488402872,0.1741231263941986
0.19535904593619305,0.17464625391639552,0.0,3.436852441834615,0.17464625391639552
0.1941904593542595,0.1756314521727971,0.0,3.456240095204071,0.1756314521727971
0.19302886295080948,0.17615911123967923,0.0,3.4666238641759386,0.17615911123967923
0.19187421491242854,0.17669681601524112,0.0,3.4772053220053216,0.17669681601524112
0.19072647367581888,0.17722771568408746,0.0,3.487652862575629,0.17722771568408746
0.18958559792630347,0.17776937718326413,0.0,3.498312184515533,0.17776937718326413
0.18845154659633906,0.17880361200071104,0.0,3.518664825228196,0.17880361200071104
0.18732427886403738,0.17934080135886624,0.0,3.5292361401914527,0.17934080135886624
0.18620375415169624,0.17987985155849012,0.0,3.539844074534755,0.17987985155849012
0.18508993212433852,0.1804202743213198,0.0,3.550479019461448,0.1804202743213198
0.18398277268826033,0.18096232070548668,0.0,3.561145915528417,0.18096232070548668
0.1828822359895878,0.18150599558889374,0.0,3.5718448587276006,0.18150599558889374
0.18178828241284256,0.183783447109134,0.0,3.6166626812859053,0.183783447109134
0.1807008725795156,0.18906505797939713,0.0,3.7205991632271305,0.18906505797939713
0.17961996734664976,0.21564369057499275,0.0,4.24363837127408,0.21564369057499275
0.1785455278054309,0.2162915605728616,0.0,4.256387763455334,0.2162915605728616
0.17747751527978714,0.2169413770016116,0.0,4.269175459325196,0.2169413770016116
0.17641589132499677,0.21761082590704017,0.0,4.2823495014458315,0.21761082590704017
0.17536061772630418,0.218264605875944,0.0,4.295215195568451,0.218264605875944
0.17431165649754454,0.21934045658266743,0.0,4.316386792699999,0.21934045658266743
0.1732689698797763,0.21999943297452446,0.0,4.329354746896997,0.21999943297452446
0.17223252033992195,0.22072088968048856,0.0,4.3435522471924095,0.22072088968048856
0.171202270569417,0.41792259647149554,0.0,8.224272001096045,0.41792259647149554
0.17017818348286703,0.42002786759469996,0.0,8.265701496652088,0.42002786759469996
0.16916022221671276,0.4212991409794849,0.0,8.290718804145149,0.4212991409794849
0.16814835012790294,0.42352629197650177,0.0,8.334546765929522,0.42352629197650177
0.1671425307925756,0.42824642965422005,0.0,8.427434052886317,0.42824642965422005
0.16614272800474658,0.42953303355502226,0.0,8.452753048621908,0.42953303355502226
0.16514890577500663,0.4310472934712628,0.0,8.48255207250017,0.4310472934712628
0.16416102832922552,0.4603549789439993,0.0,9.059296137275322,0.4603549789439993
0.1631790601072646,0.4657357867936976,0.0,9.165184710219641,0.4657357867936976
0.1622029657616966,0.4671350219968931,0.0,9.192720170139129,0.4671350219968931
0.16123271015653332,0.4809169649710064,0.0,9.463934142964915,0.4809169649710064
0.1602682583659608,0.48236547276572894,0.0,9.492439235056336,0.48236547276572894
0.1593095756730821,0.48526279483291207,0.0,9.549455450394952,0.48526279483291207
0.15835662756866775,0.4904338839191982,0.0,9.651216981230045,0.4904338839191982
0.15740937974991337,0.49424254593592537,0.0,9.726167397049315,0.49424254593592537
0.15646779811920503,0.5068396298405964,0.0,9.9740646041574,0.5068396298405964
0.15553184878289167,0.508408345993124,0.0,10.00493526882073,0.508408345993124
0.1546014980500653,0.5101010936235582,0.0,10.038246740991513,0.5101010936235582
0.15367671243134795,0.526106486899333,0.0,10.353215849854868,0.526106486899333
0.15275745863768647,0.5280559414781875,0.0,10.391579041617279,0.5280559414781875
0.15184370357915403,0.5299762323492508,0.0,10.429368322642489,0.5299762323492508
0.15093541436375907,0.531574208445435,0.0,10.460814791862454,0.531574208445435
0.1500325582962613,0.5473693684752406,0.0,10.771646734147302,0.5473693684752406
0.14913510287699477,0.5763014112320578,0.0,11.340998549982016,0.5763014112320578
0.14824301580069807,0.5858580677737909,0.0,11.529063381804594,0.5858580677737909
0.1473562649553513,0.5879801677883282,0.0,11.57082405203501,0.5879801677883282
0.1464748184210203,0.5916231222000186,0.0,11.642513518511077,0.5916231222000186
0.1455986444687076,0.6092742176202632,0.0,11.989868294440964,0.6092742176202632
0.1447277115592102,0.6115674418823215,0.0,12.034996507774999,0.6115674418823215
0.1438619883419844,0.6152651414429455,0.0,12.107763300529598,0.6152651414429455
0.14300144365401726,0.6209469648852564,0.0,12.219575540035905,0.6209469648852564
0.14214604651870472,0.6235920084679605,0.0,12.271627183241074,0.6235920084679605
0.1412957661447367,0.6314427040937659,0.0,12.426120519494173,0.6314427040937659
0.14045057192498867,0.6459671289241635,0.0,12.711945745201515,0.6459671289241635
0.1396104334354199,0.6889348181688035,0.0,13.557504149054392,0.6889348181688035
0.13877532043397822,0.6951368971044165,0.0,13.679554463082408,0.6951368971044165
0.13794520285951156,0.7335156886970023,0.0,14.434808244035436,0.7335156886970023
0.13712005083068574,0.7482380508952261,0.0,14.72452866652306,0.7482380508952261
0.1362998346449089,0.7523612556659364,0.0,14.805668949046288,0.7523612556659364
0.1354845247772623,0.7621652769857206,0.0,14.99860165648832,0.7621652769857206
0.13467409187943755,0.7650123663120901,0.0,15.054629344938705,0.7650123663120901
0.13386850677868006,0.7676118705718097,0.0,15.10578482272441,0.7676118705718097
0.13306774047673908,0.7707217610797674,0.0,15.166984158790498,0.7707217610797674
0.13227176414882374,0.8854236964692089,0.0,17.424196196759954,0.8854236964692089
0.1314805491425656,0.8908757911756268,0.0,17.531487619190553,0.8908757911756268
0.13069406697698704,0.915971257488757,0.0,18.02533969298624,0.915971257488757
0.1299122893414763,0.947756079043534,0.0,18.65083116001826,0.947756079043534
0.12913518809476823,0.9519106822788687,0.0,18.73258933091524,0.9519106822788687
0.12836273526393133,0.9550447221654093,0.0,18.79426390105529,0.9550447221654093
0.12759490304336085,0.9701685897521254,0.0,19.091885522359984,0.9701685897521254
0.1268316637937779,0.9935417397866302,0.0,19.551844244451495,0.9935417397866302
0.12607299004123446,0.9965363237848945,0.0,19.61077447110062,0.9965363237848945
0.12531885447612454,1.008355731914575,0.0,19.843367846455685,1.008355731914575
0.12456922995220099,1.0150249434396834,0.0,19.974610832784798,1.0150249434396834
0.12382408948559837,1.0181364393412136,0.0,20.035841761288143,1.0181364393412136
0.12308340625386169,1.0845851233218444,0.0,21.343481156203836,1.0845851233218444
0.12234715359498091,1.0879453713177436,0.0,21.409607261235582,1.0879453713177436
0.12161530500643103,1.1059687721619418,0.0,21.764288611751116,1.1059687721619418
0.12088783414421823,1.1103262977660369,0.0,21.850040078942392,1.1103262977660369
0.12016471482193161,1.1298850073812217,0.0,22.234934672400215,1.1298850073812217
0.11944592100980046,1.1461123501810877,0.0,22.55427151172861,1.1461123501810877
0.11873142683375738,1.1899333150557805,0.0,23.41662147203886,1.1899333150557805
0.11802120657450678,1.2168941923153043,0.0,23.947182848338148,1.2168941923153043
0.11731523466659921,1.220580216207219,0.0,24.019719876356234,1.220580216207219
0.11661348569751105,1.226714541301545,0.0,24.14043686688232,1.226714541301545
0.11591593440672966,1.2339990180164773,0.0,24.283787617464046,1.2339990180164773
0.11522255568484424,1.239740321925589,0.0,24.39677036926582,1.239740321925589
0.11453332457264186,1.2515924459528152,0.0,24.63000755867269,1.2515924459528152
0.11384821626020904,1.2600799837370165,0.0,24.797033270960572,1.2600799837370165
0.11316720608603875,1.2645777185158833,0.0,24.88554390551946,1.2645777185158833
0.11249026953614259,1.2697319782445646,0.0,24.986974252504446,1.2697319782445646
0.11181738224316841,1.2769543518165876,0.0,25.1291028793156,1.2769543518165876
0.1111485199855232,1.4659477370502851,0.0,28.848291599171933,1.4659477370502851
0.11048365868650109,1.6222042109677963,0.0,31.923252738578597,1.6222042109677963
0.10982277441341685,1.6314858391934883,0.0,32.105905305789925,1.6314858391934883
0.10916584337674427,1.6544161096230527,0.0,32.55714862850959,1.6544161096230527
0.10851284192925978,2.0937790315461733,0.0,41.20334342056009,2.0937790315461733
0.10786374656519139,2.1772562127502937,0.0,42.84608552137946,2.1772562127502937
0.1072185339193724,2.1849565056430458,0.0,42.99761909188458,2.1849565056430458
0.10657718076640048,2.1971699013174244,0.0,43.23796572289033,2.1971699013174244
0.10593966401980151,2.221326644526475,0.0,43.71334472486161,2.221326644526475
0.10530596073119862,2.2826128492290385,0.0,44.91939202080654,2.2826128492290385
0.10467604808948613,2.2995048941913288,0.0,45.2518094914041,2.2995048941913288
0.1040499034200084,2.313092829591266,0.0,45.51920560160708,2.313092829591266
0.10342750418374361,2.3306291872031557,0.0,45.8643024595572,2.3306291872031557
0.10280882797649252,2.3421969536351375,0.0,46.091943794065074,2.3421969536351375
0.10219385252807187,2.3611802129987924,0.0,46.465514138890164,2.3611802129987924
0.10158255570151281,2.3689986579995765,0.0,46.61937281715965,2.3689986579995765
0.10097491549226406,2.476319429593843,0.0,48.731331405689694,2.476319429593843
0.10037091002739977,3.286777709381828,0.0,64.68028797035682,3.286777709381828
0.09977051756483221,3.711263749008868,0.0,73.03372154881355,3.711263749008868
0.09917371649252915,3.7370044947981724,0.0,73.54027203608003,3.7370044947981724
0.09858048532773576,3.748608512841857,0.0,73.76862676373207,3.748608512841857
0.09799080271620154,3.76321258615505,0.0,74.05601938682955,3.76321258615505
0.09740464743141146,3.799129777004011,0.0,74.76283148445509,3.799129777004011
0.09682199837382191,3.8783405077172186,0.0,76.32161437940063,3.8783405077172186
0.09624283457010128,3.9709375018454565,0.0,78.14382469447858,3.9709375018454565
0.09566713517237489,4.018911577747998,0.0,79.08790346063029,4.018911577747998
0.09509487945747458,4.287872161168554,0.0,84.38076155038186,4.287872161168554
0.09452604682619274,4.3017150952719465,0.0,84.65317576373324,4.3017150952719465
0.09396061680254086,4.3184535211070845,0.0,84.98257017336942,4.3184535211070845
0.09339856903301237,4.332884269324402,0.0,85.2665519430095,4.332884269324402
0.0928398832858501,4.702139992904984,0.0,92.53311167040478,4.702139992904984
0.09228453945031789,4.744600380650869,0.0,93.36868692056474,4.744600380650869
0.09173251753597675,4.762856212884316,0.0,93.72794227349821,4.762856212884316
0.09118379767196523,4.793427962823052,0.0,94.32956178191549,4.793427962823052
0.09063836010628423,4.951481242525287,0.0,97.43988214724456,4.951481242525287
0.09009618520508585,5.1370494624695,0.0,101.09166725880772,5.1370494624695
0.08955725345196679,5.176255736533533,0.0,101.8632050143024,5.176255736533533
0.08902154544726568,5.1921428832433865,0.0,102.17584715657063,5.1921428832433865
0.0884890419073649,5.212112337787342,0.0,102.56882477316672,5.212112337787342
0.08795972366399635,5.326231446626321,0.0,104.8145674047893,5.326231446626321
0.0874335716635515,5.457625303190409,0.0,107.40025869016053,5.457625303190409
0.08691056696639544,7.4510726782432535,0.0,146.6291818704933,7.4510726782432535
0.08639069074618531,7.477331534170615,0.0,147.14592821397306,7.477331534170615
0.08587392428919241,7.513267019865899,0.0,147.85310033470734,7.513267019865899
0.08536024899362865,8.03106825468821,0.0,158.04287766102746,8.03106825468821
0.084849646368977,8.133427830083871,0.0,160.05720518741197,8.133427830083871
0.08434209803532586,8.176919569925436,0.0,160.91307634938764,8.176919569925436
0.0838375857227074,8.380612976851536,0.0,164.9215458543488,8.380612976851536
0.08333609127043996,8.065200426590536,0.0,158.71456248516225,8.065200426590536
0.08283759662647436,8.18032976755745,0.0,160.98018541010833,8.18032976755745
0.08234208384674395,8.21335811725698,0.0,161.6301481878324,8.21335811725698
0.0818495350945189,8.263468767304133,0.0,162.61627245969294,8.263468767304133
0.0813599326397639,8.390607837758807,0.0,165.11823408180655,8.390607837758807
0.08087325885850016,8.489100522418944,0.0,167.05646531314508,8.489100522418944
0.08038949623217084,8.546878656300787,0.0,168.19347750815913,8.546878656300787
0.07990862734701057,9.062524274559754,0.0,178.34083459423218,9.062524274559754
0.07943063489341852,14.935221754407094,0.0,293.90927205657454,14.935221754407094
0.07895550166533535,15.097277123501968,0.0,297.0983492826612,15.097277123501968
0.07848321055962387,15.171925985477998,0.0,298.5673594549911,15.171925985477998
0.0780137445754534,16.837463458688955,0.0,331.3433646850395,16.837463458688955
0.0775470868136877,17.00219883719237,0.0,334.58518164457786,17.00219883719237
0.0770832204762768,20.099713944195614,0.0,395.54098298813193,20.099713944195614
0.07662212886565221,20.257224596792618,0.0,398.6406250294214,20.257224596792618
0.07616379538412596,20.564240545957464,0.0,404.68237222357817,20.564240545957464
0.07570820353329305,20.67847988387225,0.0,406.9304808354809,20.67847988387225
0.07525533691343765,23.905819076082942,0.0,470.44108203444875,23.905819076082942
0.07480517922294272,24.54175900718321,0.0,482.95570319608197,24.54175900718321
0.07435771425770318,24.636613499360706,0.0,484.8223386706411,24.636613499360706
0.07391292591054274,24.896860077564423,0.0,489.9437144100069,24.896860077564423
0.07347079817063396,27.98048716011813,0.0,550.6262142101766,27.98048716011813
0.07303131512292194,32.570366833780064,0.0,640.9501622503308,32.570366833780064
0.07259446094755152,32.7263476671253,0.0,644.0196990765751,32.7263476671253
0.07216021991929775,33.777886459314345,0.0,664.7128635995815,33.777886459314345
0.07172857640699987,34.09370875942851,0.0,670.9279104098773,34.09370875942851
0.07129951487299856,34.984909093928714,0.0,688.4657846963598,34.984909093928714
0.07087301987257676,35.078954800675255,0.0,690.3165041342394,35.078954800675255
0.07044907605340367,35.24294151290172,0.0,693.5435881380781,35.24294151290172
0.07002766815498206,37.69871942590399,0.0,741.8706843547866,37.69871942590399
0.069608781008099,37.869795832428224,0.0,745.2372859984988,37.869795832428224
0.06919239953427986,38.00089639107488,0.0,747.8172054929435,38.00089639107488
0.06877850874524542,37.72249333780433,0.0,742.3385296439606,37.72249333780433
0.06836709374237249,37.86047825472826,0.0,745.0539259838864,37.86047825472826
0.06795813971615748,37.34009670918569,0.0,734.8133708882139,37.34009670918569
0.0675516319456834,36.76957301384352,0.0,723.5860716390706,36.76957301384352
0.0671475557980899,37.1314945420144,0.0,730.7083022048752,37.1314945420144
0.06674589672804658,38.032414628396864,0.0,748.4374508659375,38.032414628396864
0.06634664027722938,39.10220016097031,0.0,769.4896918239626,39.10220016097031
0.06594977207380018,36.93953129470234,0.0,726.9306697594476,36.93953129470234
0.06555527783188936,37.13951861984502,0.0,730.8662075184287,37.13951861984502
0.06516314335108168,52.938865478148514,0.0,1041.7805421330506,52.938865478148514
0.06477335451590506,53.1263853663047,0.0,1045.4707339983206,53.1263853663047
0.06438589729532243,53.28495619927118,0.0,1048.5912392611788,53.28495619927118
0.06400075774222674,53.366253989893075,0.0,1050.1910932743567,53.366253989893075
0.06361792199293889,51.635493209029086,0.0,1016.1315627516377,51.635493209029086
0.0632373762667086,51.66370305245449,0.0,1016.6867024530984,51.66370305245449
0.06285910686521852,51.92824316722212,0.0,1021.8925704234333,51.92824316722212
0.062483100172090966,52.23567668501793,0.0,1027.9425349239266,52.23567668501793
0.06210934265239791,50.44305862325419,0.0,992.6657189333653,50.44305862325419
0.061737820852173664,50.770659703791424,0.0,999.1125596089805,50.770659703791424
0.061368521397930684,51.22699745954691,0.0,1008.0928010684987,51.22699745954691
0.06100143099617807,50.207302504382035,0.0,988.0262893741656,50.207302504382035
0.06063653643294315,50.59385430631553,0.0,995.6332175193675,50.59385430631553
0.06027382457329573,50.921339040487894,0.0,1002.0777686223223,50.921339040487894
0.05991328236087536,66.65783232933077,0.0,1311.7552118703413,66.65783232933077
0.05955489681742127,68.04029783653219,0.0,1338.9606620167374,68.04029783653219
0.05919865504230529,72.6604109579824,0.0,1429.879572138964,72.6604109579824
0.05884454421206738,72.49808453878336,0.0,1426.6851609352425,72.49808453878336
0.058492551579954116,72.67590462803858,0.0,1430.1844710793732,72.67590462803858
0.058142664475459786,75.05411218379993,0.0,1476.9850652056043,75.05411218379993
0.057794870303870316,75.58176620835053,0.0,1487.368734949753,75.58176620835053
0.05744915654580993,75.74711632880236,0.0,1490.62264937671,75.74711632880236
0.05710551075679047,75.81313744553276,0.0,1491.921874703101,75.81313744553276
0.05676392056676343,78.26442910442121,0.0,1540.1606862125227,78.26442910442121
0.056424373679674684,78.55707007323247,0.0,1545.9195490892566,78.55707007323247
0.0560868578730219,75.52566668623669,0.0,1486.2647560481787,75.52566668623669
0.05575136099741455,76.374812571021,0.0,1502.975043512986,76.374812571021
0.055417870976136534,72.62892612179762,0.0,1429.2599840648088,72.62892612179762
0.055086375804711575,72.61033221196062,0.0,1428.8940757043747,72.61033221196062
0.054756863550470936,74.98778671528693,0.0,1475.679850559982,74.98778671528693
0.05442932235212405,75.14980436628234,0.0,1478.8681855340058,75.14980436628234
0.05410374041933143,76.63633491373383,0.0,1508.121524940393,76.63633491373383
0.05378010603228033,77.5039822660628,0.0,1525.1959015996867,77.5039822660628
0.053458407541262874,77.70558307355931,0.0,1529.1631909745386,77.70558307355931
0.05313863336625661,75.99710265245896,0.0,1495.5421142241823,75.99710265245896
0.05282077199650783,76.18974540092233,0.0,1499.3331185292332,76.18974540092233
0.052504811990117084,71.097062906133,0.0,1399.114545984964,71.097062906133
0.05219074197362737,72.13963925052526,0.0,1419.631339071971,72.13963925052526
0.05187855064161474,72.3716217067921,0.0,1424.1965069665262,72.3716217067921
0.051568226756281324,72.13776338232672,0.0,1419.5944239818723,72.13776338232672
0.05125975914705078,57.3805236223005,0.0,1129.1876481900233,57.3805236223005
0.050953136710166276,42.78182722010816,0.0,841.9008369796585,42.78182722010816
0.050648348408290696,40.92426732494778,22.50682815966239,362.4356053915293,18.417439165285383
0.05034538327010941,39.21837617339222,39.21837617339222,0.0,0.0
0.050044230389935294,37.8882500941183,37.8882500941183,0.0,0.0
0.0497448789273162,37.35738077576326,37.35738077576326,0.0,0.0
0.04944731810664473,29.83541476588253,29.83541476588253,0.0,0.0
0.04915153721677031,29.118664272367706,29.118664272367706,0.0,0.0
0.04885752561061369,25.348031329320868,25.348031329320868,0.0,0.0
0.04856527270478365,24.846514553261088,24.846514553261088,0.0,0.0
0.04827476797919603,22.926579631104506,22.926579631104506,0.0,0.0
0.04798600097669506,22.170523567156245,22.170523567156245,0.0,0.0
0.04769896130267694,20.878380650735473,20.878380650735473,0.0,0.0
0.04741363862471566,13.274082374624122,13.274082374624122,0.0,0.0
0.04713002267219107,12.359533621709158,12.359533621709158,0.0,0.0
0.046848103235919175,10.827095243071083,10.827095243071083,0.0,0.0
0.04656787016778466,10.533659167605233,10.533659167605233,0.0,0.0
0.046289313380375535,10.447922812471424,10.447922812471424,0.0,0.0
0.04601242284662011,10.156977831641855,10.156977831641855,0.0,0.0
0.04573718859942597,10.1101408384898,10.1101408384898,0.0,0.0
0.045463600731321274,9.430567574458548,9.430567574458548,0.0,0.0
0.04519164939409802,8.8824868934186,8.8824868934186,0.0,0.0
0.04492132479845766,8.839769015815563,8.839769015815563,0.0,0.0
0.04465261721365864,8.70870172499469,8.70870172499469,0.0,0.0
0.04438551696716614,8.610492621285713,8.610492621285713,0.0,0.0
0.044120014444303926,8.361280448641054,8.361280448641054,0.0,0.0
0.04385610008790823,8.332555467507039,8.332555467507039,0.0,0.0
0.04359376439798373,8.268643419574364,8.268643419574364,0.0,0.0
0.043332997931361576,8.239827153293595,8.239827153293595,0.0,0.0
0.04307379130135949,8.190768464800996,8.190768464800996,0.0,0.0
0.04281613517744386,8.165880517845709,8.165880517845709,0.0,0.0
0.04256002028489389,8.026134294671598,8.026134294671598,0.0,0.0
0.04230543740446771,7.97733562415638,7.97733562415638,0.0,0.0
0.04205237737207056,7.953301531446984,7.953301531446984,0.0,0.0
0.04180083107842487,7.896634453214421,7.896634453214421,0.0,0.0
0.0415507894687424,7.867511361339191,7.867511361339191,0.0,0.0
0.04130224354239826,7.829696310574965,7.829696310574965,0.0,0.0
0.04105518435260696,7.757975871958487,7.757975871958487,0.0,0.0
0.040809603006100315,7.7249866054384375,7.7249866054384375,0.0,0.0
0.04056549066280734,7.239092022711597,7.239092022711597,0.0,0.0
0.040322838535536046,7.166161649253905,7.166161649253905,0.0,0.0
0.04008163788965712,3.667672611690288,3.667672611690288,0.0,0.0
0.03984188004278952,3.486830450383839,3.486830450383839,0.0,0.0
0.03960355636448789,2.3578608146424047,2.3578608146424047,0.0,0.0
0.039366658275931984,2.2935864231885845,2.2935864231885845,0.0,0.0
0.03913117724961779,2.266250591999872,2.266250591999872,0.0,0.0
0.03889710480905058,2.248268523873398,2.248268523873398,0.0,0.0
0.038664432528439804,2.2412770182239683,2.2412770182239683,0.0,0.0
0.038433152032395786,2.225961761288358,2.225961761288358,0.0,0.0
0.03820325499562822,2.1375744938086476,2.1375744938086476,0.0,0.0
0.037974733142646516,2.130474647604057,2.130474647604057,0.0,0.0
0.037747578247461895,2.1217241933224935,2.1217241933224935,0.0,0.0
0.037521782133291284,2.0973439300308114,2.0973439300308114,0.0,0.0
0.03729733667226298,2.049127406093151,2.049127406093151,0.0,0.0
0.03707423378512409,2.0345660393966725,2.0345660393966725,0.0,0.0
0.036852465440949674,2.0238883402558527,2.0238883402558527,0.0,0.0
0.036632023656853696,1.9972794283604955,1.9972794283604955,0.0,0.0
0.03641290049770163,1.7791576032861836,1.7791576032861836,0.0,0.0
0.036195088075824874,1.7695260726473867,1.7695260726473867,0.0,0.0
0.03597857855073676,1.7338006729564777,1.7338006729564777,0.0,0.0
0.03576336412885038,1.7114450314181504,1.7114450314181504,0.0,0.0
0.035549437063198006,1.4013080332882795,1.4013080332882795,0.0,0.0
0.035336789653152234,1.3195987511335616,1.3195987511335616,0.0,0.0
0.035125414244148806,1.3024241069474576,1.3024241069474576,0.0,0.0
0.034915303227411064,1.2121754944144576,1.2121754944144576,0.0,0.0
0.03470644903967604,1.2028839462929262,1.2028839462929262,0.0,0.0
0.034498844162922225,1.1485201675823709,1.1485201675823709,0.0,0.0
0.03429248112409895,1.1281603653636758,1.1281603653636758,0.0,0.0
0.034087352494857386,1.1120769389129657,1.1120769389129657,0.0,0.0
0.033883450891283126,1.0705392443854505,1.0705392443854505,0.0,0.0
0.03368076897363038,1.0652558743537344,1.0652558743537344,0.0,0.0
0.03347929944605784,1.0619275126544945,1.0619275126544945,0.0,0.0
0.033279035056365966,1.0358854311501975,1.0358854311501975,0.0,0.0
0.033079968595735997,0.9547881929127304,0.9547881929127304,0.0,0.0
0.03288209289847043,0.9480831462669077,0.9480831462669077,0.0,0.0
0.03268540084173509,0.9159808948011564,0.9159808948011564,0.0,0.0
0.032489885345302706,0.9040838708416608,0.9040838708416608,0.0,0.0
0.0322955393712981,0.8974954411204351,0.8974954411204351,0.0,0.0
0.032102355923944795,0.8944780428040132,0.8944780428040132,0.0,0.0
0.03191032804931324,0.8863344920714368,0.8863344920714368,0.0,0.0
0.031719448835070434,0.8582358806220675,0.8582358806220675,0.0,0.0
0.03152971141023116,0.855466806231946,0.855466806231946,0.0,0.0
0.03134110894491063,0.8071621976083123,0.8071621976083123,0.0,0.0
0.03115363465007863,0.8035583478842439,0.8035583478842439,0.0,0.0
0.030967281777315156,0.8010329457555617,0.8010329457555617,0.0,0.0
0.030782043618567467,0.7958021037953089,0.7958021037953089,0.0,0.0
0.030597913505908646,0.7933267082412239,0.7933267082412239,0.0,0.0
0.03041488481129756,0.7909504059152758,0.7909504059152758,0.0,0.0
0.03023295094634029,0.7732796406102908,0.7732796406102908,0.0,0.0
0.03005210536205295,0.734038333142364,0.734038333142364,0.0,0.0
0.029872341548625964,0.7297812739035385,0.7297812739035385,0.0,0.0
0.02969365303518972,0.6773127805963144,0.6773127805963144,0.0,0.0
0.02951603338958168,0.6376836324813088,0.6376836324813088,0.0,0.0
0.02933947621811477,0.6124253628924575,0.6124253628924575,0.0,0.0
0.02916397516534732,0.6093111130431724,0.6093111130431724,0.0,0.0
0.02898952391385421,0.6047610313042195,0.6047610313042195,0.0,0.0
0.028816116183999534,0.6029082639666584,0.6029082639666584,0.0,0.0
0.028643745733710483,0.5919138840847682,0.5919138840847682,0.0,0.0
0.028472406358252732,0.5896217321565261,0.5896217321565261,0.0,0.0
0.028302091890007014,0.5878556057790129,0.5878556057790129,0.0,0.0
0.028132796198247167,0.5805176998096226,0.5805176998096226,0.0,0.0
0.027964513188919404,0.5787788432404961,0.5787788432404961,0.0,0.0
0.027797236804423,0.40859901206129917,0.40859901206129917,0.0,0.0
0.027630961023392166,0.4003844507186909,0.4003844507186909,0.0,0.0
0.027465679860479392,0.3976030752047018,0.3976030752047018,0.0,0.0
0.02730138736613991,0.3798757763644862,0.3798757763644862,0.0,0.0
0.02713807762641759,0.3779772464256932,0.3779772464256932,0.0,0.0
0.02697574476273202,0.29569862669462926,0.29569862669462926,0.0,0.0
0.026814382931666936,0.29474828359192135,0.29474828359192135,0.0,0.0
0.02665398632475983,0.28875359548295887,0.28875359548295887,0.0,0.0
0.026494549168292927,0.26959799670405293,0.26959799670405293,0.0,0.0
0.026336065723085285,0.2672033121844897,0.2672033121844897,0.0,0.0
0.02617853028428626,0.26051795547232176,0.26051795547232176,0.0,0.0
0.026021937181170112,0.25944602011772105,0.25944602011772105,0.0,0.0
0.025866280776931917,0.24871580050103384,0.24871580050103384,0.0,0.0
0.025711555468484613,0.244352111842908,0.244352111842908,0.0,0.0
0.025557755686257358,0.24270022768761076,0.24270022768761076,0.0,0.0
0.025404875893995007,0.24127263258459475,0.24127263258459475,0.0,0.0
0.025252910588558854,0.24054993540886274,0.24054993540886274,0.0,0.0
0.025101854299728513,0.2396024666065542,0.2396024666065542,0.0,0.0
0.02495170159000503,0.1972089846431859,0.1972089846431859,0.0,0.0
0.024802447054415144,0.19661827373366583,0.19661827373366583,0.0,0.0
0.024654085320316727,0.19602933221301894,0.19602933221301894,0.0,0.0
0.024506611047205376,0.19544034672013827,0.19544034672013827,0.0,0.0
0.024214303681462712,0.1938819225081429,0.1938819225081429,0.0,0.0
0.024069460066786872,0.19330117733071756,0.19330117733071756,0.0,0.0
0.02392548286863031,0.19272217169120343,0.19272217169120343,0.0,0.0
0.023782366904316614,0.19214490037911852,0.19214490037911852,0.0,0.0
0.023640107022170787,0.19150317198878092,0.19150317198878092,0.0,0.0
0.02349869810133379,0.1909295520135047,0.1909295520135047,0.0,0.0
0.02335813505157824,0.19035765023364007,0.19035765023364007,0.0,0.0
0.023218412813125144,0.189787461502623,0.189787461502623,0.0,0.0
0.02307952635646179,0.1892189806892441,0.1892189806892441,0.0,0.0
0.022804240820699588,0.18808712236744024,0.18808712236744024,0.0,0.0
0.022532238806662636,0.18696203452531732,0.18696203452531732,0.0,0.0
0.022397456862964016,0.18454740382427234,0.18454740382427234,0.0,0.0
0.022263481149507453,0.1839946188436209,0.1839946188436209,0.0,0.0
0.02213030684363506,0.18344348965020116,0.18344348965020116,0.0,0.0
0.021997929151536838,0.1828940112843497,0.1828940112843497,0.0,0.0
0.02186634330807809,0.18234617880125162,0.18234617880125162,0.0,0.0
0.021735544576627908,0.1817999872708837,0.1817999872708837,0.0,0.0
0.021605528248888662,0.17523521774479692,0.17523521774479692,0.0,0.0
0.02122012702640758,0.17354569707157802,0.17354569707157802,0.0,0.0
0.021093193791290918,0.17302586610777565,0.17302586610777565,0.0,0.0
0.02096701983749982,0.1725075922222271,0.1725075922222271,0.0,0.0
0.020841600623212508,0.17198072393828578,0.17198072393828578,0.0,0.0
0.020716931633775186,0.17146558062452022,0.17146558062452022,0.0,0.0
0.020469826405701216,0.16482612446614225,0.16482612446614225,0.0,0.0
0.02034738127213917,0.1643274178775445,0.1643274178775445,0.0,0.0
0.02022566857325614,0.16362942387611026,0.16362942387611026,0.0,0.0
0.020104683927819954,0.1575127121948834,0.1575127121948834,0.0,0.0
0.019984422980805813,0.13516208944435223,0.13516208944435223,0.0,0.0
0.019864881403239543,0.13475723100988893,0.13475723100988893,0.0,0.0
0.019746054892041755,0.13435358527013622,0.13435358527013622,0.0,0.0
0.019627939169872946,0.13395114859265392,0.13395114859265392,0.0,0.0
0.01951052998497954,0.13350132888679714,0.13350132888679714,0.0,0.0
0.019047874470050713,0.13186013141095518,0.13186013141095518,0.0,0.0
0.018820677245652256,0.1310713786837885,0.1310713786837885,0.0,0.0
0.01859618996030005,0.13026464801684806,0.13026464801684806,0.0,0.0
0.018264469566258826,0.12909758420136344,0.12909758420136344,0.0,0.0
0.018155216298978667,0.12871089111272507,0.12871089111272507,0.0,0.0
0.018046616556092857,0.12821369992302234,0.12821369992302234,0.0,0.0
0.01783136203004198,0.1274453628744714,0.1274453628744714,0.0,0.0
0.01772469949846557,0.12706361877517477,0.12706361877517477,0.0,0.0
0.017513284700679088,0.12630355752876324,0.12630355752876324,0.0,0.0
0.01740852482427449,0.12592523354177618,0.12592523354177618,0.0,0.0
0.017304391593978372,0.12548285002670623,0.12548285002670623,0.0,0.0
0.016995714407390547,0.12435862717761748,0.12435862717761748,0.0,0.0
0.016894050500753034,0.12398210680336125,0.12398210680336125,0.0,0.0
0.01679299472094473,0.12361073638531433,0.12361073638531433,0.0,0.0
0.016692543430310427,0.12324047835347293,0.12324047835347293,0.0,0.0
0.016592693012954407,0.12287132937586459,0.12287132937586459,0.0,0.0
0.016493439874610282,0.12250328613048599,0.12250328613048599,0.0,0.0
0.01639478044251164,0.12213634530525604,0.12213634530525604,0.0,0.0
0.016296711165263416,0.12177050359804834,0.12177050359804834,0.0,0.0
0.016199228512714048,0.12112327207221929,0.12112327207221929,0.0,0.0
0.016102328975828435,0.12076046487893535,0.12076046487893535,0.0,0.0
0.016006009066561584,0.12039874442198306,0.12039874442198306,0.0,0.0
0.01591026531773308,0.1198084588732816,0.1198084588732816,0.0,0.0
0.015720492536244236,0.11909179609080622,0.11909179609080622,0.0,0.0
0.015626456672426382,0.11873507388917921,0.11873507388917921,0.0,0.0
0.015532983306485972,0.11837942019716195,0.11837942019716195,0.0,0.0
0.015073936881843986,0.11661706769645502,0.11661706769645502,0.0,0.0
0.01498376854439833,0.11610084847271934,0.11610084847271934,0.0,0.0
0.014894139570301576,0.11575308522086827,0.11575308522086827,0.0,0.0
0.014805046733223609,0.11540636364339119,0.11540636364339119,0.0,0.0
0.014716486826133387,0.11506068062010366,0.11506068062010366,0.0,0.0
0.01462845666118347,0.11247719750123562,0.11247719750123562,0.0,0.0
0.014540953069595299,0.11211518476706121,0.11211518476706121,0.0,0.0
0.014281570330858034,0.11111038299921058,0.11111038299921058,0.0,0.0
0.014026814483139043,0.1101149256015417,0.1101149256015417,0.0,0.0
0.013776602991568816,0.10912813982080849,0.10912813982080849,0.0,0.0
0.013694194965242604,0.10880126230636518,0.10880126230636518,0.0,0.0
0.013530854793541752,0.10815044168723799,0.10815044168723799,0.0,0.0
0.01313097729462423,0.1065403712793601,0.1065403712793601,0.0,0.0
0.012974355011142233,0.10590307471746783,0.10590307471746783,0.0,0.0
0.012819600870383566,0.10526959029647162,0.10526959029647162,0.0,0.0
0.01236632580382592,0.10190749459625771,0.10190749459625771,0.0,0.0
0.012000863642810538,0.10039036494953293,0.10039036494953293,0.0,0.0
0.011716285737826425,0.09919293936230252,0.09919293936230252,0.0,0.0
0.011167214595272966,0.09684076540939758,0.09684076540939758,0.0,0.0
0.010580206212371077,0.09426117489307782,0.09426117489307782,0.0,0.0
0.010516918193356563,0.09397882921570884,0.09397882921570884,0.0,0.0
0.010145061312454125,0.09230242698893502,0.09230242698893502,0.0,0.0
0.010024054122115603,0.015527478174042883,0.015527478174042883,0.0,0.0
0.009964092859059958,0.015480967865342345,0.015480967865342345,0.0,0.0
0.009611782759896798,0.015204817063947215,0.015204817063947215,0.0,0.0
0.009327725639425697,0.014978458062264737,0.014978458062264737,0.0,0.0
0.008890591799498129,0.014623272107143292,0.014623272107143292,0.0,0.0
0.008627848043325623,0.01440557075226553,0.01440557075226553,0.0,0.0
