price,amount,amount_0,amount_1,amount_1_adj
0.34960712663014104,0.08724726734753707,0.0,1.5176239987575704,0.08724726734753707
0.3392751834134177,0.08856577451658018,0.0,1.5405587929707008,0.08856577451658018
0.3332231642755958,0.0894217968060345,0.0,1.5554488864881564,0.0894217968060345
0.3292485802269808,0.09019442851278348,0.0,1.5688884411700528,0.09019442851278348
0.3214410695370214,0.09128322694159653,0.0,1.5878275629971488,0.09128322694159653
0.31194151811199333,0.09266272675625804,0.0,1.611823294768008,0.09266272675625804
0.3082207750337503,0.09322034642250455,0.0,1.6215228190442692,0.09322034642250455
0.30272270703357607,0.0940630739905634,0.0,1.636181657316031,0.0940630739905634
0.3009118991859498,0.09434567276906568,0.0,1.6410973263256545,0.09434567276906568
0.29911192311600276,0.0947353503849391,0.0,1.6478755798985998,0.0947353503849391
0.29201904655564653,0.11815317587113587,0.0,2.0552173229356914,0.11815317587113587
0.28853593262851296,0.11886419028655122,0.0,2.067585074649893,0.11886419028655122
0.28680998634504534,0.11922130039954636,0.0,2.073796832268864,0.11922130039954636
0.2850943642196341,0.11957948339776878,0.0,2.080027252207221,0.11957948339776878
0.28338900449587323,0.11993874250453364,0.0,2.0862763905329724,0.11993874250453364
0.2816938457867672,0.12029908095285864,0.0,2.0925443034828963,0.12029908095285864
0.2800088270725215,0.12066050198546423,0.0,2.0988310474625456,0.12066050198546423
0.2717337231597937,0.12248396009165753,0.0,2.1305492188943767,0.12248396009165753
0.2701082832871651,0.12285535804148288,0.0,2.137009506521485,0.12285535804148288
0.26688651424693094,0.12359466893967451,0.0,2.1498694618616256,0.12359466893967451
0.26212577025263534,0.12471198547815807,0.0,2.169304642407246,0.12471198547815807
0.2605578026347126,0.12508666443840646,0.0,2.175822001623065,0.12508666443840646
0.2574499488084474,0.12583940274556576,0.0,2.1889155202450135,0.12583940274556576
0.25590995072821876,0.12621746886646112,0.0,2.195491797481325,0.12621746886646112
0.25437916451265785,0.12659667083183282,0.0,2.2020878321826958,0.12659667083183282
0.2528575350588057,0.1269770120541866,0.0,2.208703683708012,0.1269770120541866
0.24984152767047885,0.13081383630327795,0.0,2.2754433849784426,0.13081383630327795
0.24538483357434185,0.1319964153256493,0.0,2.2960137748524208,0.1319964153256493
0.24391700584949394,0.1323929792923074,0.0,2.302911813165134,0.1323929792923074
0.23956599386980967,0.13358983403216954,0.0,2.323730522237204,0.13358983403216954
0.23529259560623936,0.1347975085396364,0.0,2.344737435931346,0.1347975085396364
0.2324860974467047,0.1356405767966018,0.0,2.3594022003217865,0.1356405767966018
0.23109542657881435,0.1360480891145741,0.0,2.3664906799079795,0.1360480891145741
0.2297130743393669,0.13645682574383639,0.0,2.3736004557966472,0.13645682574383639
0.22833899096850854,0.13686679036264293,0.0,2.380731591969245,0.13686679036264293
0.22697312700403566,0.13727798666033064,0.0,2.387884152600002,0.13727798666033064
0.2229243613543363,0.1385190026861909,0.0,2.409471025873477,0.1385190026861909
0.22159088628428572,0.13893516281467524,0.0,2.416709929939069,0.13893516281467524
0.2176381294953364,0.15001442639644202,0.0,2.609428358967605,0.15001442639644202
0.2163362752780076,0.1504651228478594,0.0,2.617268005659361,0.1504651228478594
0.21504220841120927,0.15091717335098048,0.0,2.6251312054253115,0.15091717335098048
0.2137558823130527,0.15137120614513383,0.0,2.633028886184588,0.15137120614513383
0.21247725068028978,0.1518259788432905,0.0,2.640939437215981,0.1518259788432905
0.20994288698116534,0.15273962723907553,0.0,2.6568319089692394,0.15273962723907553
0.20868706368655981,0.15608979372384416,0.0,2.715106433910698,0.15608979372384416
0.2074387523975762,0.1565587427297634,0.0,2.7232635749560634,0.1565587427297634
0.20496448636587225,0.15750087164097248,0.0,2.73965145149412,0.15750087164097248
0.20373844255821416,0.15797424661724743,0.0,2.7478855801522073,0.15797424661724743
0.2025197326230964,0.1584488571868827,0.0,2.7561412013589246,0.1584488571868827
0.20130831269121666,0.15892489365470244,0.0,2.764421625374605,0.15892489365470244
0.20010413915568726,0.20679919309117986,0.0,3.597171898905724,0.20679919309117986
0.19890716867046554,0.20742057890691915,0.0,3.60798060449758,0.20742057890691915
0.19771735814879346,0.2080469798858965,0.0,3.618876546427251,0.2080469798858965
0.19653466476164674,0.20867202667515272,0.0,3.629748932881982,0.20867202667515272
0.19535904593619305,0.2092989513262714,0.0,3.64065398383516,0.2092989513262714
0.1941904593542595,0.2105018224717222,0.0,3.6615773453712577,0.2105018224717222
0.19302886295080948,0.21151456739894,0.0,3.6791935533384765,0.21151456739894
0.19187421491242854,0.21215922893111439,0.0,3.6904071287551887,0.21215922893111439
0.19072647367581888,0.2127966754806355,0.0,3.7014952030397956,0.2127966754806355
0.18958559792630347,0.21344640784242774,0.0,3.712796983084064,0.21344640784242774
0.18845154659633906,0.21465351408427333,0.0,3.7337940120726936,0.21465351408427333
0.18732427886403738,0.21529840924140375,0.0,3.745011651282471,0.21529840924140375
0.18508993212433852,0.21659401785670876,0.0,3.76754813623336,0.21659401785670876
0.18398277268826033,0.21724474297423252,0.0,3.7788671847832083,0.21724474297423252
0.1828822359895878,0.2178974231003873,0.0,3.790220239762214,0.2178974231003873
0.18178828241284256,0.2205116895274717,0.0,3.8356941392837385,0.2205116895274717
0.1807008725795156,0.2211741847177779,0.0,3.847217922554396,0.2211741847177779
0.17961996734664976,0.25126525548187073,0.0,4.370637538185358,0.25126525548187073
0.1785455278054309,0.2520201452729864,0.0,4.383768480829678,0.2520201452729864
0.17747751527978714,0.25277730302033724,0.0,4.396938873475303,0.25277730302033724
0.17641589132499677,0.2535567376740759,0.0,4.410496762128311,0.2535567376740759
0.17536061772630418,0.25431851188903487,0.0,4.423747455994187,0.25431851188903487
0.17431165649754454,0.2555578538399792,0.0,4.445305209544542,0.2555578538399792
0.1732689698797763,0.25632564011642806,0.0,4.458660480310949,0.25632564011642806
0.17223252033992195,0.2571641791361934,0.0,4.473246460811878,0.2571641791361934
0.171202270569417,0.48028676405337173,0.0,8.354355862053115,0.48028676405337173
0.17017818348286703,0.48269098807611366,0.0,8.396176175585326,0.48269098807611366
0.16916022221671276,0.48415175303455715,0.0,8.421585475210119,0.48415175303455715
0.16814835012790294,0.48669399860672174,0.0,8.46580660680939,0.48669399860672174
0.1671425307925756,0.492056702422196,0.0,8.559088244802401,0.492056702422196
0.16614272800474658,0.4935350149752358,0.0,8.584802776344358,0.4935350149752358
0.16514890577500663,0.4952709498984529,0.0,8.61499852435858,0.4952709498984529
0.16416102832922552,0.5284504862912076,0.0,9.19214050516947,0.5284504862912076
0.1631790601072646,0.5345608996936625,0.0,9.298428189630192,0.5345608996936625
0.1622029657616966,0.5361669099044144,0.0,9.326363960138375,0.5361669099044144
0.16123271015653332,0.5523229770273139,0.0,9.607390930227686,0.5523229770273139
0.1602682583659608,0.553986494820207,0.0,9.636327017300745,0.553986494820207
0.1593095756730821,0.5571193261733496,0.0,9.690821102790558,0.5571193261733496
0.15835662756866775,0.5629939502543878,0.0,9.793007346097747,0.5629939502543878
0.15740937974991337,0.5703285499897706,0.0,9.920589159466852,0.5703285499897706
0.15646779811920503,0.5821098953687979,0.0,10.125519961639055,0.5821098953687979
0.15553184878289167,0.5839107899700854,0.0,10.15684565182096,0.5839107899700854
0.1546014980500653,0.5861144955237519,0.0,10.195178043609436,0.5861144955237519
0.15367671243134795,0.6042489801963499,0.0,10.510618629669384,0.6042489801963499
0.15275745863768647,0.6064816427874721,0.0,10.54945471511282,0.6064816427874721
0.15184370357915403,0.6086813932818719,0.0,10.587718310559104,0.6086813932818719
0.15093541436375907,0.6105457879484801,0.0,10.620148553651184,0.6105457879484801
0.1500325582962613,0.63564960493412,0.0,11.056817303012313,0.63564960493412
0.14913510287699477,0.669179973746539,0.0,11.6400618440043,0.669179973746539
0.14824301580069807,0.6807139021231011,0.0,11.84068894713747,0.6807139021231011
0.1473562649553513,0.6831685207774132,0.0,11.883385850901151,0.6831685207774132
0.1464748184210203,0.6943862158729901,0.0,12.078512229128895,0.6943862158729901
0.1455986444687076,0.7086323791874984,0.0,12.32631734662554,0.7086323791874984
0.1447277115592102,0.7112848832915925,0.0,12.3724563720364,0.7112848832915925
0.1438619883419844,0.7155264868600792,0.0,12.446237013705208,0.7155264868600792
0.14300144365401726,0.7235227732324827,0.0,12.585328545951805,0.7235227732324827
0.14214604651870472,0.726578362382065,0.0,12.638479040686242,0.726578362382065
0.1412957661447367,0.7355234510526197,0.0,12.794074529807675,0.7355234510526197
0.14045057192498867,0.8707397743280805,0.0,15.146097045414795,0.8707397743280805
0.1396104334354199,0.9197223476905227,0.0,15.998125207622262,0.9197223476905227
0.13877532043397822,0.9276720563653817,0.0,16.13640654335785,0.9276720563653817
0.13794520285951156,0.9717380686106156,0.0,16.902913503931437,0.9717380686106156
0.13712005083068574,0.9888202042914105,0.0,17.200048988484113,0.9888202042914105
0.1362998346449089,0.9939124771331519,0.0,17.288626610543773,0.9939124771331519
0.1354845247772623,1.005432912075842,0.0,17.48901900192387,1.005432912075842
0.13467409187943755,1.0090840503692466,0.0,17.552528785843883,1.0090840503692466
0.13386850677868006,1.0124563805736004,0.0,17.611188837963063,1.0124563805736004
0.13306774047673908,1.016407422172201,0.0,17.67991529476131,1.016407422172201
0.13227176414882374,1.1582268354560925,0.0,20.146795365996315,1.1582268354560925
0.1314805491425656,1.165382170110495,0.0,20.27125895002362,1.165382170110495
0.13069406697698704,1.1942466302259946,0.0,20.77334226694827,1.1942466302259946
0.1299122893414763,1.2337229213324679,0.0,21.460013249163453,1.2337229213324679
0.12913518809476823,1.2389083457426964,0.0,21.550211197683247,1.2389083457426964
0.12836273526393133,1.2663199480039036,0.0,22.027022755233762,1.2663199480039036
0.12759490304336085,1.283988388522175,0.0,22.334356728736214,1.283988388522175
0.1268316637937779,1.3109911663087181,0.0,22.804056982369804,1.3109911663087181
0.12607299004123446,1.3149407458604978,0.0,22.87275800757105,1.3149407458604978
0.12531885447612454,1.328868376564939,0.0,23.115022404445472,1.328868376564939
0.12456922995220099,1.337344152904398,0.0,23.262454432655897,1.337344152904398
0.12382408948559837,1.3414321524939552,0.0,23.33356320743632,1.3414321524939552
0.12308340625386169,1.4469183710177163,0.0,25.168444936535703,1.4469183710177163
0.12234715359498091,1.4513889025356748,0.0,25.24620766911311,1.4513889025356748
0.12161530500643103,1.4877230228754017,0.0,25.878222111257948,1.4877230228754017
0.12088783414421823,1.4933633740819525,0.0,25.976333291272166,1.4933633740819525
0.12016471482193161,1.509045026627283,0.0,26.249108049341917,1.509045026627283
0.11944592100980046,1.5264172422776692,0.0,26.55128933460325,1.5264172422776692
0.11873142683375738,1.5767404497836819,0.0,27.426637179039066,1.5767404497836819
0.11802120657450678,1.6073987607724345,0.0,27.959923663904743,1.6073987607724345
0.11731523466659921,1.6122619441792605,0.0,28.04451638609465,1.6122619441792605
0.11661348569751105,1.619940295988289,0.0,28.178077600451857,1.619940295988289
0.11591593440672966,1.6281474579014108,0.0,28.3208372106919,1.6281474579014108
0.11522255568484424,1.635690448436644,0.0,28.452043881189343,1.635690448436644
0.11453332457264186,1.6412137323701246,0.0,28.548118732634407,1.6412137323701246
0.11384821626020904,1.6514926676520598,0.0,28.72691583814606,1.6514926676520598
0.11316720608603875,1.6572598526943645,0.0,28.827233231361518,1.6572598526943645
0.11249026953614259,1.6636885331301572,0.0,28.93905701686576,1.6636885331301572
0.11181738224316841,1.6725420178498207,0.0,29.09305909958628,1.6725420178498207
0.1111485199855232,1.8798719016800425,0.0,32.699462107109774,1.8798719016800425
0.11048365868650109,2.049022483830525,0.0,35.64175463591563,2.049022483830525
0.10982277441341685,2.0602628532551823,0.0,35.8372754231262,2.0602628532551823
0.10916584337674427,2.0847072303540632,0.0,36.26247353474349,2.0847072303540632
0.10851284192925978,2.5825143363792717,0.0,44.92158726774498,2.5825143363792717
0.10786374656519139,2.690127607023669,0.0,46.79346803925594,2.690127607023669
0.1072185339193724,2.7319676563155104,0.0,47.52125545134261,2.7319676563155104
0.10657718076640048,2.7693861320178663,0.0,48.17213173032817,2.7693861320178663
0.10593966401980151,2.7977614605651473,0.0,48.66570684030208,2.7977614605651473
0.10530596073119862,2.867888511953544,0.0,49.88553296649125,2.867888511953544
0.10467604808948613,2.887810526338552,0.0,50.232066766958,2.887810526338552
0.1040499034200084,2.903943466692459,0.0,50.51269145809115,2.903943466692459
0.10342750418374361,2.924148078521045,0.0,50.864140904347174,2.924148078521045
0.10280882797649252,3.7790933657183317,0.0,65.7355004886759,3.7790933657183317
0.10219385252807187,3.8039624992471692,0.0,66.16808703286335,3.8039624992471692
0.10158255570151281,3.8162107378101466,0.0,66.38113921605253,3.8162107378101466
0.10097491549226406,3.9483450341808015,0.0,68.67955136496566,3.9483450341808015
0.10037091002739977,4.817488660441421,0.0,83.79788418708277,4.817488660441421
0.09977051756483221,5.31122581311093,0.0,92.38620305080968,5.31122581311093
0.09917371649252915,5.343689618923395,0.0,92.95089524450042,5.343689618923395
0.09858048532773576,5.360170164302528,0.0,93.23756635685007,5.360170164302528
0.09799080271620154,5.380054834181871,0.0,93.58345056771084,5.380054834181871
0.09740464743141146,5.429499809468996,0.0,94.44352198765354,5.429499809468996
0.09682199837382191,5.522512494948199,0.0,96.06143264507097,5.522512494948199
0.09624283457010128,5.631299603804139,0.0,97.95373176428102,5.631299603804139
0.09566713517237489,5.692017188546185,0.0,99.00988477116056,5.692017188546185
0.09509487945747458,6.075027496358949,0.0,105.67216374653277,6.075027496358949
0.09452604682619274,6.094365839640169,0.0,106.00854487057286,6.094365839640169
0.09396061680254086,6.1171362933115505,0.0,106.40462589413815,6.1171362933115505
0.09339856903301237,6.137162214542737,0.0,106.75296710391629,6.137162214542737
0.0928398832858501,6.558623350529677,0.0,114.08407962999203,6.558623350529677
0.09228453945031789,6.61038230615829,0.0,114.98440161829816,6.61038230615829
0.09173251753597675,6.634769107731365,0.0,115.40859823150339,6.634769107731365
0.09118379767196523,6.677668898168982,0.0,116.15481932803881,6.677668898168982
0.09063836010628423,6.879658441480425,0.0,119.66832969629428,6.879658441480425
0.09009618520508585,7.093276993876382,0.0,123.3841210505906,7.093276993876382
0.08955725345196679,7.1412201389356245,0.0,124.21806886041703,7.1412201389356245
0.08902154544726568,7.174803625504309,0.0,124.80223735907691,7.174803625504309
0.0884890419073649,7.374550063882354,0.0,128.27673000239784,7.374550063882354
0.08795972366399635,7.508096652038096,0.0,130.59970828354017,7.508096652038096
0.0874335716635515,7.644530751010609,0.0,132.97291341814656,7.644530751010609
0.08691056696639544,10.071976155570292,0.0,175.19715165083605,10.071976155570292
0.08639069074618531,10.204733161642988,0.0,177.50639553370266,10.204733161642988
0.08587392428919241,10.252321035136683,0.0,178.33416356655337,10.252321035136683
0.08536024899362865,11.105778336688866,0.0,193.17964036058424,11.105778336688866
0.084849646368977,11.338204196032807,0.0,197.22257571885908,11.338204196032807
0.08434209803532586,11.421255820826927,0.0,198.66721854556562,11.421255820826927
0.0838375857227074,11.65824255191152,0.0,202.78948806087826,11.65824255191152
0.08333609127043996,11.310933063002379,0.0,196.74820755560845,11.310933063002379
0.08283759662647436,11.452286684992158,0.0,199.20698541266702,11.452286684992158
0.08234208384674395,11.496706854330945,0.0,199.9796527645153,11.496706854330945
0.0818495350945189,11.554586403430488,0.0,200.9864395146474,11.554586403430488
0.0813599326397639,11.718839916621864,0.0,203.8435498984778,11.718839916621864
0.08087325885850016,11.894468742407849,0.0,206.89852834066446,11.894468742407849
0.08038949623217084,11.959003555154426,0.0,208.02108018162247,11.959003555154426
0.07990862734701057,12.574434713128044,0.0,218.72620738295353,12.574434713128044
0.07943063489341852,19.219668264628584,0.0,334.31682955034125,19.219668264628584
0.07895550166533535,19.55275707052362,0.0,340.1107481556106,19.55275707052362
0.07848321055962387,40.84679738665715,0.0,710.5102758055475,40.84679738665715
0.0780137445754534,42.86387339700515,0.0,745.5963369933276,42.86387339700515
0.0775470868136877,43.13731371453591,0.0,750.3526990058999,43.13731371453591
0.0770832204762768,46.7582963804529,0.0,813.3379403773125,46.7582963804529
0.07662212886565221,46.900992171562564,0.0,815.8200646167697,46.900992171562564
0.07616379538412596,47.32038308108111,0.0,823.1151665551582,47.32038308108111
0.07570820353329305,47.523276030099424,0.0,826.6443912285495,47.523276030099424
0.07525533691343765,51.28126642572715,0.0,892.0128157636944,51.28126642572715
0.07480517922294272,51.952486746403345,0.0,903.6883684552677,51.952486746403345
0.07435771425770318,52.175546193196666,0.0,907.5683795993953,52.175546193196666
0.07391292591054274,52.552929527589704,0.0,914.1327800948819,52.552929527589704
0.07347079817063396,55.86223558911158,0.0,971.6965577452918,55.86223558911158
0.07303131512292194,60.91001095532713,0.0,1059.5001677493851,60.91001095532713
0.07259446094755152,61.1587680466188,0.0,1063.8271769851194,61.1587680466188
0.07216021991929775,62.46814098740606,0.0,1086.603085717562,62.46814098740606
0.07172857640699987,62.885402856164845,0.0,1093.8611540221234,62.885402856164845
0.07129951487299856,64.32541103063352,0.0,1118.9093994333584,64.32541103063352
0.07087301987257676,64.52362347738226,0.0,1122.3572090345474,64.52362347738226
0.07044907605340367,64.80934536219,0.0,1127.3272029671623,64.80934536219
0.07002766815498206,67.62419167784151,0.0,1176.2900925947608,67.62419167784151
0.069608781008099,67.90960146213153,0.0,1181.2546576898876,67.90960146213153
0.06919239953427986,67.98092621956029,0.0,1182.495317333109,67.98092621956029
0.06877850874524542,67.74103745992784,0.0,1178.3225684354247,67.74103745992784
0.06836709374237249,68.05560068944351,0.0,1183.7942436036344,68.05560068944351
0.06795813971615748,67.29358056986972,0.0,1170.5392723459709,67.29358056986972
0.0675516319456834,66.72354225019046,0.0,1160.6237316023203,66.72354225019046
0.0671475557980899,67.20623136235045,0.0,1169.0198751472522,67.20623136235045
0.06674589672804658,67.68449010825375,0.0,1177.3389546148917,67.68449010825375
0.06634664027722938,68.71532092700708,0.0,1195.2697579140638,68.71532092700708
0.06594977207380018,66.3027336172768,0.0,1153.3039690514745,66.3027336172768
0.06555527783188936,66.74370228074655,0.0,1160.9744055789129,66.74370228074655
0.06516314335108168,67.7497547847766,0.0,1178.4742020830754,67.7497547847766
0.06477335451590506,51.09548723671775,0.0,888.7812766647413,51.09548723671775
0.06438589729532243,51.29543656239392,0.0,892.259298434441,51.29543656239392
0.06400075774222674,51.39500093437984,0.0,893.9911725084469,51.39500093437984
0.06361792199293889,49.40987136092189,0.0,859.4608041322938,49.40987136092189
0.0632373762667086,49.803483689229566,0.0,866.3075001241247,49.803483689229566
0.06285910686521852,50.00170577734288,0.0,869.7554774321852,50.00170577734288
0.062483100172090966,54.07549600009064,0.0,940.6170871525093,54.07549600009064
0.06210934265239791,61.58321261280895,0.0,1071.2101848359732,61.58321261280895
0.061737820852173664,61.80519811014564,0.0,1075.0715151489599,61.80519811014564
0.061368521397930684,62.18778909732841,0.0,1081.726500244872,62.18778909732841
0.06100143099617807,62.0025500341886,0.0,1078.5043563740671,62.0025500341886
0.06063653643294315,58.70135575018698,0.0,1021.0816791685373,58.70135575018698
0.06027382457329573,59.02817328676378,0.0,1026.7665120785252,59.02817328676378
0.05991328236087536,80.43535913030084,0.0,1399.1341514293786,80.43535913030084
0.05955489681742127,83.47194290693544,0.0,1451.9540568976115,83.47194290693544
0.05919865504230529,90.27876533298935,0.0,1570.355439349073,90.27876533298935
0.05884454421206738,90.08697314378823,0.0,1567.019307021324,90.08697314378823
0.058492551579954116,90.76879449306547,0.0,1578.8792594758422,90.76879449306547
0.058142664475459786,93.61463137342164,0.0,1628.3812149809257,93.61463137342164
0.057794870303870316,95.40466704035765,0.0,1659.5180192541518,95.40466704035765
0.05744915654580993,95.5792311087013,11.162239355955585,1468.392724285173,84.41699175274572
0.05710551075679047,94.8553316821159,94.8553316821159,0.0,0.0
0.05676392056676343,97.137822236314,97.137822236314,0.0,0.0
0.056424373679674684,96.94325818740634,96.94325818740634,0.0,0.0
0.0560868578730219,92.8998636875893,92.8998636875893,0.0,0.0
0.05575136099741455,92.8607345023211,92.8607345023211,0.0,0.0
0.055417870976136534,88.6641562633248,88.6641562633248,0.0,0.0
0.055086375804711575,87.8685797427606,87.8685797427606,0.0,0.0
0.054756863550470936,87.576245995429,87.576245995429,0.0,0.0
0.05442932235212405,88.21387022537041,88.21387022537041,0.0,0.0
0.05410374041933143,87.3305470787758,87.3305470787758,0.0,0.0
0.05378010603228033,85.37933275522167,85.37933275522167,0.0,0.0
0.053458407541262874,75.5413258123162,75.5413258123162,0.0,0.0
0.05313863336625661,72.86318849801795,72.86318849801795,0.0,0.0
0.05282077199650783,72.57742291860477,72.57742291860477,0.0,0.0
0.052504811990117084,67.34654721603277,67.34654721603277,0.0,0.0
0.05219074197362737,64.47553558076307,64.47553558076307,0.0,0.0
0.05187855064161474,57.51139308558006,57.51139308558006,0.0,0.0
0.051568226756281324,56.98617847332278,56.98617847332278,0.0,0.0
0.05125975914705078,52.644583785844105,52.644583785844105,0.0,0.0
0.050953136710166276,33.76902542613406,33.76902542613406,0.0,0.0
0.050648348408290696,33.34468311648203,33.34468311648203,0.0,0.0
0.05034538327010941,31.710447712694627,31.710447712694627,0.0,0.0
0.050044230389935294,29.946914510123126,29.946914510123126,0.0,0.0
0.0497448789273162,27.884887240650368,27.884887240650368,0.0,0.0
0.04944731810664473,19.77648133413421,19.77648133413421,0.0,0.0
0.04915153721677031,19.047828805026366,19.047828805026366,0.0,0.0
0.04885752561061369,16.155365245114204,16.155365245114204,0.0,0.0
0.04856527270478365,15.926866512355433,15.926866512355433,0.0,0.0
0.04827476797919603,15.74138518338005,15.74138518338005,0.0,0.0
0.04798600097669506,15.164042064904137,15.164042064904137,0.0,0.0
0.04769896130267694,14.05734539900403,14.05734539900403,0.0,0.0
0.04741363862471566,12.85697084601115,12.85697084601115,0.0,0.0
0.04713002267219107,11.953702828013677,11.953702828013677,0.0,0.0
0.046848103235919175,10.435250468416665,10.435250468416665,0.0,0.0
0.04656787016778466,10.167477219172772,10.167477219172772,0.0,0.0
0.046289313380375535,10.085172581605525,10.085172581605525,0.0,0.0
0.04601242284662011,9.684777856839359,9.684777856839359,0.0,0.0
0.04573718859942597,9.636657866898767,9.636657866898767,0.0,0.0
0.045463600731321274,9.530820976998124,9.530820976998124,0.0,0.0
0.04519164939409802,9.046057872031215,9.046057872031215,0.0,0.0
0.04492132479845766,9.011263897245327,9.011263897245327,0.0,0.0
0.04465261721365864,8.881830502777394,8.881830502777394,0.0,0.0
0.04438551696716614,8.771065309731055,8.771065309731055,0.0,0.0
0.044120014444303926,8.516700011413217,8.516700011413217,0.0,0.0
0.04385610008790823,8.469176669412024,8.469176669412024,0.0,0.0
0.04359376439798373,8.406155582890412,8.406155582890412,0.0,0.0
0.043332997931361576,8.341986018992081,8.341986018992081,0.0,0.0
0.04307379130135949,8.292621328434823,8.292621328434823,0.0,0.0
0.04281613517744386,8.238755771511254,8.238755771511254,0.0,0.0
0.04256002028489389,8.098791261084912,8.098791261084912,0.0,0.0
0.04230543740446771,8.04977495716527,8.04977495716527,0.0,0.0
0.04205237737207056,8.004198249048441,8.004198249048441,0.0,0.0
0.04180083107842487,7.973028698192178,7.973028698192178,0.0,0.0
0.0415507894687424,7.94367677843665,7.94367677843665,0.0,0.0
0.04130224354239826,7.903943475499102,7.903943475499102,0.0,0.0
0.04105518435260696,7.771925902314209,7.771925902314209,0.0,0.0
0.040809603006100315,7.738822167230637,7.738822167230637,0.0,0.0
0.04056549066280734,7.3208636775887515,7.3208636775887515,0.0,0.0
0.040322838535536046,7.264853703876294,7.264853703876294,0.0,0.0
0.04008163788965712,3.856220177022199,3.856220177022199,0.0,0.0
0.03984188004278952,3.6749044577491343,3.6749044577491343,0.0,0.0
0.03960355636448789,2.5451920770413405,2.5451920770413405,0.0,0.0
0.039366658275931984,2.5274815884964443,2.5274815884964443,0.0,0.0
0.03913117724961779,2.5059177124090817,2.5059177124090817,0.0,0.0
0.03889710480905058,2.4872177561857165,2.4872177561857165,0.0,0.0
0.038664432528439804,2.478369445210517,2.478369445210517,0.0,0.0
0.038433152032395786,2.463133326924114,2.463133326924114,0.0,0.0
0.03820325499562822,2.3458684561054035,2.3458684561054035,0.0,0.0
0.037974733142646516,2.3381446955485674,2.3381446955485674,0.0,0.0
0.037747578247461895,2.3287337333847153,2.3287337333847153,0.0,0.0
0.037521782133291284,2.3033548258709025,2.3033548258709025,0.0,0.0
0.03729733667226298,2.2543191293648417,2.2543191293648417,0.0,0.0
0.03707423378512409,2.2382758486556735,2.2382758486556735,0.0,0.0
0.036852465440949674,2.228284893248306,2.228284893248306,0.0,0.0
0.036632023656853696,2.2109905693281604,2.2109905693281604,0.0,0.0
0.03641290049770163,1.9982773465766317,1.9982773465766317,0.0,0.0
0.036195088075824874,1.9881601844407284,1.9881601844407284,0.0,0.0
0.03597857855073676,1.9517798979795253,1.9517798979795253,0.0,0.0
0.03576336412885038,1.9311091108214808,1.9311091108214808,0.0,0.0
0.035549437063198006,1.620314140802729,1.620314140802729,0.0,0.0
0.035336789653152234,1.53738711863186,1.53738711863186,0.0,0.0
0.035125414244148806,1.3704904974442529,1.3704904974442529,0.0,0.0
0.034915303227411064,1.2766042039814576,1.2766042039814576,0.0,0.0
0.03470644903967604,1.2668766709415495,1.2668766709415495,0.0,0.0
0.034498844162922225,1.2123826271401223,1.2123826271401223,0.0,0.0
0.03429248112409895,1.191457367924372,1.191457367924372,0.0,0.0
0.034087352494857386,1.1751843444833423,1.1751843444833423,0.0,0.0
0.033883450891283126,1.1338893515215616,1.1338893515215616,0.0,0.0
0.03368076897363038,1.1284162254324812,1.1284162254324812,0.0,0.0
0.03347929944605784,1.1243652589081605,1.1243652589081605,0.0,0.0
0.033279035056365966,1.0981361541911852,1.0981361541911852,0.0,0.0
0.033079968595735997,1.0034425829047038,1.0034425829047038,0.0,0.0
0.03288209289847043,0.9959987451241927,0.9959987451241927,0.0,0.0
0.03268540084173509,0.9637529694319374,0.9637529694319374,0.0,0.0
0.032489885345302706,0.9517128511519413,0.9517128511519413,0.0,0.0
0.0322955393712981,0.9449817557284993,0.9449817557284993,0.0,0.0
0.032102355923944795,0.941458517358852,0.941458517358852,0.0,0.0
0.03191032804931324,0.9331742434289838,0.9331742434289838,0.0,0.0
0.031719448835070434,0.9049353302982545,0.9049353302982545,0.0,0.0
0.03152971141023116,0.9020263744801043,0.9020263744801043,0.0,0.0
0.03134110894491063,0.8311427237172151,0.8311427237172151,0.0,0.0
0.03115363465007863,0.8274670438054219,0.8274670438054219,0.0,0.0
0.030967281777315156,0.8248700266459228,0.8248700266459228,0.0,0.0
0.030782043618567467,0.8195677841672896,0.8195677841672896,0.0,0.0
0.030597913505908646,0.7951110929213755,0.7951110929213755,0.0,0.0
0.03041488481129756,0.7927294457299323,0.7927294457299323,0.0,0.0
0.03023295094634029,0.7752311947572549,0.7752311947572549,0.0,0.0
0.03005210536205295,0.7406764158736042,0.7406764158736042,0.0,0.0
0.029872341548625964,0.7364858651106474,0.7364858651106474,0.0,0.0
0.02969365303518972,0.6839383639267724,0.6839383639267724,0.0,0.0
0.02951603338958168,0.6448412432858154,0.6448412432858154,0.0,0.0
0.02933947621811477,0.6212106337110139,0.6212106337110139,0.0,0.0
0.02916397516534732,0.6180700688572437,0.6180700688572437,0.0,0.0
0.02898952391385421,0.6154890580630322,0.6154890580630322,0.0,0.0
0.028816116183999534,0.6130070351789518,0.6130070351789518,0.0,0.0
0.028643745733710483,0.6092966932777009,0.6092966932777009,0.0,0.0
0.028472406358252732,0.6060933478724941,0.6060933478724941,0.0,0.0
0.028302091890007014,0.6042778831592146,0.6042778831592146,0.0,0.0
0.028132796198247167,0.6012328215004656,0.6012328215004656,0.0,0.0
0.027964513188919404,0.5994319157889197,0.5994319157889197,0.0,0.0
0.027797236804423,0.43612405811948246,0.43612405811948246,0.0,0.0
0.027630961023392166,0.4276778783053693,0.4276778783053693,0.0,0.0
0.027465679860479392,0.425610174220902,0.425610174220902,0.0,0.0
0.02730138736613991,0.40983898223535714,0.40983898223535714,0.0,0.0
0.02713807762641759,0.40809762097206476,0.40809762097206476,0.0,0.0
0.02697574476273202,0.31437915038301967,0.31437915038301967,0.0,0.0
0.026814382931666936,0.29528264124717185,0.29528264124717185,0.0,0.0
0.02665398632475983,0.2892908972494416,0.2892908972494416,0.0,0.0
0.026494549168292927,0.2701336890610266,0.2701336890610266,0.0,0.0
0.026336065723085285,0.2677954932411991,0.2677954932411991,0.0,0.0
0.02617853028428626,0.2611505616865439,0.2611505616865439,0.0,0.0
0.026021937181170112,0.26033839904877765,0.26033839904877765,0.0,0.0
0.025866280776931917,0.24960550644043672,0.24960550644043672,0.0,0.0
0.025711555468484613,0.24775325466870002,0.24775325466870002,0.0,0.0
0.025557755686257358,0.24609118288338377,0.24609118288338377,0.0,0.0
0.025404875893995007,0.24465343066591683,0.24465343066591683,0.0,0.0
0.025252910588558854,0.23942474546585155,0.23942474546585155,0.0,0.0
0.025101854299728513,0.23849211546703467,0.23849211546703467,0.0,0.0
0.02495170159000503,0.19610195939945474,0.19610195939945474,0.0,0.0
0.024802447054415144,0.19551456442348494,0.19551456442348494,0.0,0.0
0.024654085320316727,0.19492892890399016,0.19492892890399016,0.0,0.0
0.024506611047205376,0.19434323950961463,0.19434323950961463,0.0,0.0
0.024214303681462712,0.19279137790524783,0.19279137790524783,0.0,0.0
0.024069460066786872,0.19221389929600335,0.19221389929600335,0.0,0.0
0.02392548286863031,0.191638150440139,0.191638150440139,0.0,0.0
0.023782366904316614,0.19106412615648075,0.19106412615648075,0.0,0.0
0.023640107022170787,0.19042563506856722,0.19042563506856722,0.0,0.0
0.02349869810133379,0.18985524269884504,0.18985524269884504,0.0,0.0
0.02335813505157824,0.18928655885671034,0.18928655885671034,0.0,0.0
0.023218412813125144,0.18871957842455733,0.18871957842455733,0.0,0.0
0.02307952635646179,0.18815429630004865,0.18815429630004865,0.0,0.0
0.022804240820699588,0.18702880664105873,0.18702880664105873,0.0,0.0
0.022532238806662636,0.1859100493660788,0.1859100493660788,0.0,0.0
0.022397456862964016,0.18349856973399403,0.18349856973399403,0.0,0.0
0.022263481149507453,0.1829489263837329,0.1829489263837329,0.0,0.0
0.02213030684363506,0.18240092941040528,0.18240092941040528,0.0,0.0
0.021997929151536838,0.18185457388253487,0.18185457388253487,0.0,0.0
0.02186634330807809,0.18130985488340962,0.18130985488340962,0.0,0.0
0.021735544576627908,0.180766767511025,0.180766767511025,0.0,0.0
0.021605528248888662,0.1798789835719441,0.1798789835719441,0.0,0.0
0.02122012702640758,0.17814785858668097,0.17814785858668097,0.0,0.0
0.021093193791290918,0.17761424251557636,0.17761424251557636,0.0,0.0
0.02096701983749982,0.17708222481401506,0.17708222481401506,0.0,0.0
0.020841600623212508,0.1765416538816684,0.1765416538816684,0.0,0.0
0.020716931633775186,0.17601284896379343,0.17601284896379343,0.0,0.0
0.020469826405701216,0.1749599862588148,0.1749599862588148,0.0,0.0
0.02034738127213917,0.17443092515707356,0.17443092515707356,0.0,0.0
0.02022566857325614,0.1737026675650378,0.1737026675650378,0.0,0.0
0.020104683927819954,0.17318236641888615,0.17318236641888615,0.0,0.0
0.019984422980805813,0.1507848074919174,0.1507848074919174,0.0,0.0
0.019864881403239543,0.1503331534715261,0.1503331534715261,0.0,0.0
0.019746054892041755,0.14988285231523474,0.14988285231523474,0.0,0.0
0.019627939169872946,0.1494338999707474,0.1494338999707474,0.0,0.0
0.01951052998497954,0.1489377039288193,0.1489377039288193,0.0,0.0
0.019047874470050713,0.14711238608984553,0.14711238608984553,0.0,0.0
0.018820677245652256,0.14623239837493318,0.14623239837493318,0.0,0.0
0.01859618996030005,0.1453349784640183,0.1453349784640183,0.0,0.0
0.018264469566258826,0.14403289691640106,0.14403289691640106,0.0,0.0
0.018155216298978667,0.14360146726480308,0.14360146726480308,0.0,0.0
0.018046616556092857,0.14305967351402699,0.14305967351402699,0.0,0.0
0.01783136203004198,0.14220253174465516,0.14220253174465516,0.0,0.0
0.01772469949846557,0.14177658468644772,0.14177658468644772,0.0,0.0
0.017513284700679088,0.14092851433627596,0.14092851433627596,0.0,0.0
0.01740852482427449,0.1405063834124362,0.1405063834124362,0.0,0.0
0.017304391593978372,0.1400203241778368,0.1400203241778368,0.0,0.0
0.016995714407390547,0.13876585754957618,0.13876585754957618,0.0,0.0
0.016894050500753034,0.13834618240642318,0.13834618240642318,0.0,0.0
0.01679299472094473,0.13793178648333282,0.13793178648333282,0.0,0.0
0.016692543430310427,0.13751863182310578,0.13751863182310578,0.0,0.0
0.016592693012954407,0.13710671470774055,0.13710671470774055,0.0,0.0
0.016493439874610282,0.13669603143035958,0.13669603143035958,0.0,0.0
0.01639478044251164,0.13628657829515725,0.13628657829515725,0.0,0.0
0.016296711165263416,0.12400939189747974,0.12400939189747974,0.0,0.0
0.016199228512714048,0.12335545410648739,0.12335545410648739,0.0,0.0
0.016102328975828435,0.1229859607356845,0.1229859607356845,0.0,0.0
0.016006009066561584,0.12261757412868834,0.12261757412868834,0.0,0.0
0.01591026531773308,0.1220206423974287,0.1220206423974287,0.0,0.0
0.015720492536244236,0.12129074691323362,0.12129074691323362,0.0,0.0
0.015626456672426382,0.1209274380733629,0.1209274380733629,0.0,0.0
0.015532983306485972,0.12056521747242134,0.12056521747242134,0.0,0.0
0.015073936881843986,0.11877032430469917,0.11877032430469917,0.0,0.0
0.01498376854439833,0.1182476553131105,0.1182476553131105,0.0,0.0
0.014894139570301576,0.11789346161275083,0.11789346161275083,0.0,0.0
0.014805046733223609,0.11754032884824082,0.11754032884824082,0.0,0.0
0.014716486826133387,0.11718825384170113,0.11718825384170113,0.0,0.0
0.01462845666118347,0.11382590070262559,0.11382590070262559,0.0,0.0
0.014540953069595299,0.1134598481236329,0.1134598481236329,0.0,0.0
0.014281570330858034,0.11244334145607664,0.11244334145607664,0.0,0.0
0.013694194965242604,0.11010676799769015,0.11010676799769015,0.0,0.0
0.013530854793541752,0.10944813818587262,0.10944813818587262,0.0,0.0
0.01313097729462423,0.10781874855286477,0.10781874855286477,0.0,0.0
0.012974355011142233,0.10717380507336352,0.10717380507336352,0.0,0.0
0.012819600870383566,0.10653271947661395,0.10653271947661395,0.0,0.0
0.01236632580382592,0.10314809197229091,0.10314809197229091,0.0,0.0
0.012000863642810538,0.10161249315343818,0.10161249315343818,0.0,0.0
0.011716285737826425,0.10040049039455419,0.10040049039455419,0.0,0.0
0.011167214595272966,0.09801968164059258,0.09801968164059258,0.0,0.0
0.010580206212371077,0.09540868780856512,0.09540868780856512,0.0,0.0
0.010516918193356563,0.09512290492269773,0.09512290492269773,0.0,0.0
0.010145061312454125,0.09342609457764026,0.09342609457764026,0.0,0.0
0.010024054122115603,0.016644424277902484,0.016644424277902484,0.0,0.0
0.009964092859059958,0.01659456831915433,0.01659456831915433,0.0,0.0
0.009611782759896798,0.01629855301959416,0.01629855301959416,0.0,0.0
